9856 9046
2449 6237
7405 2853
7215 9169
2331 5928
2292 3984
1963 5474
4837 2732
3244 9263
1101 9990
5001 2802
4179 106
3078 4357
868 3873
4778 5416
2353 6900
8274 3173
7369 7628
971 3404
9097 1633
6425 9257
6455 246
702 4520
9759 4464
8223 1695
8670 1390
4228 3409
9597 251
56 6620
4033 938
1629 6324
7165 251
795 9046
1070 6918
3214 900
3785 544
4118 2721
9725 7582
9941 6367
6412 4990
9693 8026
4513 5552
4534 7107
3626 7622
9197 7223
5323 2391
915 9392
5343 2856
7830 5578
3343 9865
5377 5458
5310 7948
2124 4773
1131 8011
3565 2201
7629 7304
3660 1644
8658 9322
2789 8656
4312 6668
2971 4938
4960 8863
1111 1655
8456 9153
487 2285
8060 3260
6986 6887
8818 1726
6874 893
9291 138
7189 7310
8072 2276
7203 5081
9676 1894
9614 9636
990 7755
5042 2492
8190 4171
9193 4959
3286 977
8421 5276
1228 3792
781 1174
6182 3851
9821 8653
3176 3687
7801 7964
1550 3064
5799 5434
2633 9730
7360 7924
5246 9806
3088 5498
2718 4526
1061 3597
707 7102
4284 8089
3314 8570
7848 1241
407 9859
8069 2003
8799 8547
4055 5998
5575 9305
3154 7047
5984 4151
2745 1741
1340 3936
3716 3722
3762 7701
1200 8770
6520 8991
3189 6274
2055 1968
6619 4602
3394 6750
6572 4689
2034 6976
4882 9165
2077 157
1245 8276
5863 4680
1973 2137
2008 3478
607 9980
541 328
9422 9538
2503 5946
9622 9608
2600 6953
270 9433
7199 3514
7037 1136
4928 9505
5584 2604
6799 1319
7388 5983
3413 3998
5938 2963
9265 3586
7377 2484
1796 6342
2183 1292
2224 6573
8905 196
382 4402
1876 3434
6263 7963
2198 4475
576 3405
8927 6919
9795 8905
9451 918
5953 831
8050 2265
5502 7987
6635 5026
4035 9003
1317 6701
6173 2312
3781 9875
1190 3996
9576 5111
9916 1166
6159 7335
3286 9824
6067 3933
1343 4972
4745 7885
469 3375
6028 3014
792 3710
4179 7780
472 3777
5278 1156
8268 6379
504 5520
8789 7657
9620 3448
8408 2930
721 1814
1024 7684
3193 6031
4083 3559
5867 5200
5283 3657
9180 5171
7936 5883
2334 7575
9043 8812
9000 814
473 5287
4646 8645
9850 3516
8818 795
121 4191
7668 4178
7429 40
4230 319
1748 8149
5994 1373
1539 3036
2876 4967
4801 2712
2455 6669
3388 2272
5474 7940
2355 3011
2623 9390
5118 7890
4552 4389
4204 7393
8203 2365
3187 574
3032 6174
2326 7196
3852 3726
6389 8164
154 6754
4880 1749
5889 8235
4614 8678
4193 6408
3449 4047
9038 9913
5027 5258
5950 1751
3105 3639
7642 4026
5254 5953
7277 4255
8536 4519
6135 8177
8008 203
2391 4188
2456 1594
9173 7763
7705 1681
6585 7817
3152 2515
115 8638
6299 6305
7947 8680
6488 8675
29 4215
4623 9142
4427 2882
3239 1301
10 3621
3738 8981
4069 8288
2437 229
6721 5596
5584 6419
1665 739
6475 2126
7878 2503
8949 7683
3499 6230
4602 5485
4756 8799
7292 9215
933 5593
901 8620
7407 3530
1782 9145
2742 9190
4608 571
1520 4127
329 3301
5114 9300
5056 2301
1390 5187
8558 9943
2096 6693
5024 3657
8780 7860
360 3525
1732 6065
8857 8921
9133 766
9491 8115
8651 1362
3443 2117
87 6400
9887 2104
7429 4038
4273 8765
2235 8254
8483 8723
8001 9050
9992 9278
3937 3255
8422 8796
2772 97
3189 7366
8093 2715
748 2338
1037 7282
2049 711
1957 8609
6339 7866
8457 9072
5207 6772
8111 7400
8810 7973
1202 9049
5065 8439
7107 3036
3564 1827
1903 4546
9708 7828
3446 4014
8477 1593
9512 3557
9834 7005
348 9585
3165 4767
3932 4169
2589 1286
3680 4134
8211 9997
1407 1143
5582 6821
7438 2612
7127 9617
769 8209
4226 1089
9140 6230
3405 4251
4703 2821
2713 7249
1649 2431
4553 8361
3329 6264
7082 8278
4185 2891
6183 2675
3197 7488
3470 8279
4497 987
8254 7356
2893 3302
6369 5406
9700 1234
5007 8917
9187 3674
4777 1607
957 9214
4584 890
9888 3049
7416 9238
4715 9206
9238 7768
7843 7239
4022 6585
6049 976
5732 8709
6787 3891
6872 1540
4881 6179
1999 3095
6311 4509
9320 7826
4370 709
204 435
9378 9467
9395 7204
2421 4816
8723 1581
2034 1437
9495 1509
6508 5384
6393 2563
1874 7688
3559 1189
8068 7280
5869 2688
3358 3208
4949 1782
5954 3576
8043 2820
7880 5690
5914 7486
1703 2990
2310 3887
5911 2843
45 5131
7894 4087
8933 115
6048 751
6040 9577
3813 9259
6574 6465
7111 5818
9181 2117
1012 7695
5322 5924
3269 8527
9126 3571
47 4488
703 5615
2373 2633
9851 6238
5571 4605
9788 1100
156 1696
1390 2675
3194 5198
4840 88
840 8615
9682 1805
6160 6429
1346 805
6543 8500
9344 4358
2102 3897
3514 4072
905 3644
4603 138
8140 1643
8259 120
1044 482
7394 4302
6303 2322
1600 6048
3375 5500
8091 630
770 9067
5364 2844
7130 7843
6654 4451
574 5780
8970 2909
5240 413
1628 220
8287 4425
1290 2240
3795 1654
1941 5181
7703 5860
2834 3910
584 8419
1432 7180
8923 5712
3171 1868
1533 1075
6293 4654
5149 5435
7438 1394
971 6089
1708 6661
3290 1874
3533 8388
9362 7762
7339 946
8855 7472
5776 333
8010 8670
408 2821
9195 5903
4594 3085
403 321
5274 1952
7456 8562
6923 9863
6240 3900
809 6649
9233 4687
6197 8011
5307 4222
5914 1331
1036 2989
9812 9341
261 4383
39 2885
9254 4123
8458 1777
3452 891
9291 9734
7339 9183
8270 4199
2508 5509
6175 9089
8654 9190
801 6334
9953 2933
1087 7397
2368 572
5167 8926
5265 8797
7805 5470
4154 5090
8183 2943
7503 5013
8033 2947
4724 7387
2684 8970
2073 9567
3256 6234
8178 2093
3650 7575
9204 4819
7773 8615
2083 5418
4253 1209
5880 5709
9174 3253
8230 8949
2047 8670
1241 1731
8559 3308
6649 7508
1552 8852
9752 9180
4961 6893
8159 9783
7522 3722
6614 9772
6649 2492
7594 7866
2040 4486
4032 3002
4003 2698
7706 1531
1938 5986
450 6361
1158 5330
5668 2280
1947 1177
5841 3909
5746 7427
8524 6608
5073 843
893 2182
930 1989
1535 257
7407 2767
2057 1201
4920 6462
2887 9392
5364 4502
5092 9266
6555 1865
5146 4772
844 7695
7228 1277
5355 5547
9798 3011
5047 5316
3794 6075
8603 1649
9620 78
5294 7511
7425 5637
2082 4135
224 180
4583 3699
9618 4937
8633 6387
4845 53
5709 4074
3896 5995
8623 6542
4463 1508
3977 4182
9477 8405
5511 9556
3948 6498
4643 1255
2970 7823
2269 350
2155 8597
5200 394
5744 153
6163 5123
3074 9916
9336 5722
9002 4669
1959 429
1898 5837
4950 18
8708 4522
4072 4904
1756 9341
9820 5802
2691 9446
7166 5635
4838 8262
309 2898
3489 2825
4429 1987
9399 4960
1450 4282
5733 2867
1072 2942
3507 4487
330 2099
1878 884
2472 6598
842 9369
3092 5248
9265 9645
6289 8620
7128 2097
9314 5580
9859 9977
4512 4402
8792 6743
8811 5109
4919 7886
8883 1278
4328 4821
4593 8591
539 7006
7164 4122
4920 5093
5752 1354
9245 7405
647 3842
4120 3701
1635 3668
5222 9509
7296 5381
2282 3196
5364 327
1564 4206
3376 7300
1351 1850
4195 5917
2602 3663
6986 1520
748 4861
1857 3157
7921 4506
4241 7801
482 9489
7318 8462
1637 4614
9146 5608
964 9468
5350 5805
1906 1028
516 1589
4321 8617
9969 6765
8195 7233
7854 657
7639 1945
7780 3554
7833 4702
1340 8668
9212 2284
5298 5469
4425 3646
5312 8970
531 2071
6704 621
3790 7841
76 6391
7179 466
9008 3545
284 9751
8374 600
8581 4062
4743 1059
5848 3487
8034 7420
9405 8932
8381 5904
2812 9892
4766 3375
9103 1209
5486 9567
9590 5181
1412 6520
8582 3296
962 3010
5462 7253
8653 2428
720 2087
2040 3077
9048 3443
1858 7106
8997 1987
3264 2240
7548 6437
794 8177
7485 1725
2081 7821
7882 2246
7295 1203
2754 4741
9994 8477
1220 1548
6080 4544
927 2102
8327 3302
4555 4772
8952 7989
7827 6958
9322 4455
872 6494
4622 9398
8167 4135
8057 3506
2975 3168
2952 9789
4597 2413
8008 8687
6665 282
7350 7284
5061 8522
2333 4119
9002 9761
6216 8378
45 3659
2938 2262
1313 2228
3010 2811
8988 1046
9333 8238
2596 134
9862 672
495 1187
869 5927
6447 504
939 3228
861 7297
5137 828
2216 1580
7434 9199
8618 3103
5686 3055
1830 6409
4752 2000
3666 2096
6321 4655
491 5295
3369 7585
6847 2566
4996 1185
4010 3876
8405 4358
2836 4186
839 2141
7151 9368
2761 276
4393 8396
2727 1928
9872 565
9270 3305
2653 7842
1288 4824
4472 8528
3217 8664
9378 3617
7972 6725
6339 7827
274 4692
3652 6662
5221 1738
6473 6558
8075 5191
1513 7253
6458 858
2115 6911
628 6923
3103 7988
789 8338
9156 957
9986 1816
8475 2738
1623 9866
7354 8443
3931 6355
8507 8984
4359 7093
6591 7950
4169 6737
6412 4262
76 2269
1272 615
9747 9636
5925 368
1269 1358
4850 7867
9359 6741
5381 1377
6238 4331
712 7890
4264 1639
9602 3543
4374 330
6292 6590
3049 7057
8479 9327
3337 2783
5445 7311
5359 4363
9127 498
8526 7450
7350 2175
4517 9731
9631 9081
8798 9244
9845 3509
8812 2046
1890 2508
3775 8762
6529 8670
3456 106
82 6597
3232 6869
8136 8519
5036 7452
2515 5090
5820 7979
6954 4088
633 275
7329 2457
4768 9273
4317 5689
5647 4557
7167 2805
4805 7888
5521 2088
2049 34
2712 975
5857 2604
2103 6636
1581 9210
238 8429
7981 6934
7117 6493
9501 3899
1503 3910
3543 6684
2181 8432
9172 9973
9668 4821
4977 4128
1705 1211
6315 1694
903 8408
4608 9629
7678 4555
7185 323
9238 1975
5761 9458
390 4353
8629 3447
3051 5138
5639 2307
5634 4318
2435 3395
1259 78
3245 9010
5335 9715
8527 2554
8103 7346
3140 8663
7931 2381
1357 9581
1329 8227
3196 4624
1912 5202
2406 1378
8255 1057
5738 3599
9116 51
2008 2494
6179 9562
3486 3938
9145 8969
1126 9382
3851 5598
7222 5859
442 8995
8629 7125
925 6302
1885 5616
479 6086
1979 4681
4775 2807
2770 1450
881 8266
4136 1102
9184 402
8186 8061
7762 2602
6162 1893
4546 1695
8796 2474
2778 9847
2691 8990
669 458
4375 4692
2135 242
9112 1752
745 7444
6944 7607
196 5703
4697 5609
7871 7824
2776 4316
1137 5435
5031 3585
1244 6550
3608 7062
2740 4055
6815 4545
3585 7433
1762 6540
780 2552
9521 9145
3120 2367
37 3258
229 3976
7790 7198
6098 1430
829 7255
6814 1383
7066 8470
7037 2000
7014 9738
8054 5561
2554 9281
3862 568
4444 5267
7099 4929
5151 6220
335 8103
167 9401
1127 9482
1308 5457
79 1186
9802 7497
8208 5036
4395 8536
8102 9097
3840 66
9973 5356
311 3234
2802 477
8010 3893
9011 3996
2676 1353
7186 4905
598 1425
1786 4557
8164 1713
8516 7964
1189 5565
9082 9674
7937 7969
8452 4975
8454 4212
666 5963
9755 728
6793 4097
4069 5772
3599 5821
6854 8125
5037 9803
9193 1125
7808 4123
7554 784
687 5656
4404 144
3486 6531
4611 3315
487 1171
2035 6058
1330 924
6201 5706
1740 2809
3835 6925
2736 2073
1670 7444
1712 413
2095 9191
7401 1424
7992 4751
3777 4781
4602 7275
3859 7834
3736 8673
3625 1037
5144 573
5079 9509
685 7424
7156 65
6979 9909
572 9333
5222 6359
6344 8865
1882 1119
8705 1869
8754 7518
