14374 5403
22608 42052
31606 15835
48381 34690
25180 48530
41053 40775
26637 44100
41844 17737
46927 19050
9418 42091
24317 28590
30687 42699
38573 28949
27035 7380
2358 44955
39269 14755
38437 30766
4895 23923
23882 4401
27752 25170
7085 36791
28893 17685
45417 4042
16178 38562
39508 16031
40134 24612
35804 35166
19609 19229
9057 20786
21537 44441
9186 44370
44687 7061
18583 7267
33275 12129
7491 36057
21060 21257
13672 14669
21061 21264
14168 34294
34090 14028
33357 5305
15927 1661
5841 33221
48991 38644
11904 36010
45305 4196
18580 7270
8861 42754
47403 18473
24731 38841
19960 2794
4890 23922
19961 2802
5602 17510
44526 17393
15927 1663
14539 23881
40138 24607
29007 36324
33802 15954
45189 12099
29964 23544
13674 14661
16537 49167
14378 5402
33354 5308
24984 12346
26959 5508
24322 28585
4799 47367
27272 14882
37638 9559
8856 42753
21540 44440
42737 31160
48382 34693
9059 20792
37187 30890
33799 15957
46846 22889
2363 44953
6410 41521
29012 36324
32645 17126
39509 16038
46935 19049
45628 21062
42737 31162
45630 21068
41841 17744
47416 37492
41056 40777
868 18352
21387 26126
11369 49583
7698 44619
26959 5512
19612 19229
44535 17393
5602 17516
890 36465
45422 4042
27749 25175
27272 14877
7700 44619
37147 26935
47400 18476
2476 5362
9030 27673
2476 5371
5840 33221
30082 36002
1405 24773
30681 42698
18886 46771
21389 26494
6402 41521
37395 1622
37396 1630
9187 44372
28894 17683
25181 48530
27035 7379
24253 19018
17323 41724
14533 23879
11368 49579
9418 42101
17317 41723
33269 12130
32650 17122
24731 38835
45191 12097
21380 26493
26639 44101
21387 26123
48990 38648
4800 47358
47307 38195
38567 28945
24983 12339
38437 30757
37147 26941
2258 20711
7536 48785
887 36465
37182 30895
868 18360
7539 48792
31611 15836
16544 49166
11906 36018
9024 27675
46841 22890
24255 19013
14169 34287
23875 4401
30081 35993
44695 7059
45304 4198
35808 35169
2262 20710
39267 14760
22602 42052
29965 23553
7484 36057
37638 9549
47309 38190
1412 24771
19895 25873
7089 36793
34083 14028
47415 37488
18879 46770
19888 25876
50000 processed in 1.3099985122680664 sec. 175 points have neighboors at d<=10