21387 26126
7698 44619
48381 34690
26959 5512
19612 19229
25180 48530
26637 44100
15927 1663
890 36465
9406 7102
7700 44619
887 36465
23031 9657
27035 7380
45189 12099
5840 33221
26959 5508
28893 17685
16178 38562
19609 19229
21537 44441
9187 44372
9186 44370
21540 44440
28894 17683
25181 48530
42737 31160
27035 7379
45304 4198
48382 34693
9404 7100
15927 1661
5841 33221
45191 12097
42737 31162
45305 4196
26639 44101
21387 26123
23033 9658
50000 processed in 1.1937055587768555 sec. 39 points have neighboors at d<=4