14374 5403
11369 49583
21387 26126
7698 44619
29409 16266
48381 34690
26959 5512
19612 19229
25180 48530
26637 44100
29411 16269
41053 40775
15927 1663
890 36465
45422 4042
9406 7102
27272 14877
7700 44619
2258 20711
163 35053
29007 36324
887 36465
23031 9657
27035 7380
164 35057
45189 12099
5840 33221
14594 43208
14378 5402
26959 5508
28893 17685
45417 4042
48990 38648
16178 38562
44315 39422
19609 19229
21537 44441
27272 14882
9187 44372
9186 44370
21540 44440
28894 17683
25181 48530
42737 31160
27035 7379
45304 4198
44318 39420
48382 34693
23033 9658
2262 20710
9404 7100
15927 1661
29012 36324
11368 49579
5841 33221
48991 38644
14590 43209
17692 40163
45191 12097
47415 37488
42737 31162
45305 4196
26639 44101
47416 37492
21387 26123
41056 40777
17688 40162
50000 processed in 1.1836066246032715 sec. 67 points have neighboors at d<=5