49314 21700
47263 49566
35923 25056
7524 2865
37716 45443
10230 47247
16393 6795
49323 21711
25734 43371
38167 7920
28981 48334
43695 35299
475 29647
25736 43356
47669 29266
49332 27815
35934 25055
47682 29266
46544 20568
49333 27798
1621 24018
19446 20623
47246 49566
31344 14064
38161 7934
31343 14065
16389 6805
28989 48340
37714 45432
6624 21479
14198 29929
43695 35295
7525 2880
14195 29918
484 29636
4696 46499
1614 24030
4676 46499
1242 11433
6629 21490
19447 20627
10236 47240
46543 20565
1228 11434
10000 processed in 0.18268728256225586 sec. 44 points have neighboors at d<=20