119454 218918
78308 158898
110660 2687
78309 158881
184987 15394
234116 8945
10752 212978
34147 255478
226297 56475
266094 185179
38156 92938
34140 255483
214632 294286
296871 192852
81432 68574
65805 76479
194042 19757
252813 189538
7978 134704
78501 196379
123632 2804
294771 138857
47526 223314
67859 269856
280377 138402
90928 156445
78492 196385
72349 157941
82145 59298
10751 212967
67861 269856
124471 283002
226293 56481
130149 102962
38162 92948
234122 8942
190988 176303
15185 4234
123622 2804
72360 157934
124471 282986
76733 157568
190994 176294
194047 19751
47579 40687
129731 81257
260172 234699
277437 74762
156518 256398
9174 166234
81441 68583
14694 180707
273648 40615
142155 197674
215087 147762
47044 217401
214606 60652
14694 180700
214609 60648
266090 185194
277432 74749
294771 138838
65804 76479
188349 87084
184999 15386
296870 192854
171285 65667
3748 144965
76737 157581
3740 144961
190436 152594
190419 152596
148729 273312
47582 40686
130154 102960
47054 217400
148730 273316
119445 218909
9174 166215
110653 2685
129745 81258
142151 197664
47523 223305
171285 65680
82137 59300
215085 147770
188338 87081
214623 294281
106461 183354
15186 4236
273653 40612
156517 256391
280382 138397
230951 194692
252804 189527
132122 58811
132125 58816
106453 183352
260168 234707
230951 194694
7976 134701
90916 156444
100000 processed in 2.9979050159454346 sec. 102 points have neighboors at d<=20