3740 144961
3748 144965
7976 134701
7978 134704
14694 180700
14694 180707
15185 4234
15186 4236
34147 255478
34140 255483
38156 92938
38162 92948
47054 217400
47044 217401
47582 40686
47579 40687
47526 223314
65804 76479
65805 76479
67859 269856
67861 269856
78501 196379
78492 196385
81432 68574
81441 68583
82145 59298
82137 59300
106453 183352
106461 183354
110653 2685
110660 2687
119445 218909
119454 218918
123622 2804
123632 2804
130154 102960
130149 102962
132122 58811
132125 58816
142151 197664
142155 197674
148729 273312
148730 273316
156517 256391
156518 256398
190994 176294
190988 176303
194047 19751
194042 19757
214609 60648
214606 60652
214623 294281
214632 294286
215087 147762
215085 147770
226297 56475
226293 56481
230951 194692
230951 194694
234122 8942
234116 8945
260172 234699
260168 234707
273653 40612
273648 40615
280382 138397
280377 138402
296871 192852
296870 192854
