383 4693
890 36465
1807 8387
2046 17755
2262 20710
4843 48078
4857 48080
4890 23922
5841 33221
5897 44669
7085 36791
7422 38643
7491 36057
7700 44619
7698 44619
8856 42753
9186 44370
9404 7100
10278 7298
10542 7998
11971 32264
12343 12687
14329 37999
14378 5402
14831 7519
14950 9776
14937 19611
15927 1661
16178 38562
16462 4277
17317 41723
17688 40162
18879 46770
19612 19229
21540 44440
21580 17824
23031 9657
23369 17078
23386 40770
23882 4401
24969 4993
25181 48530
25180 48530
26637 44100
26639 44101
27035 7379
27426 7570
28894 17683
29012 36324
29514 32027
29735 47299
30681 42698
33275 12129
34090 14028
34817 11205
35263 15287
35956 9779
35989 43846
37940 1579
38369 24496
38666 2299
40762 29080
41835 37377
41946 29599
42737 31160
43580 10794
44318 39420
44695 7059
45191 12097
45305 4196
45297 28888
45422 4042
46156 39700
46846 22889
48247 18484
49869 7349
