81 97
69 98
41 76
4 40
37 60
40 26
19 50
66 73
66 95
37 5
33 30
14 67
79 34
15 25
69 46
76 46
7 33
99 15
16 90
74 32
72 28
88 81
11 16
87 62
71 20
48 7
53 38
85 54
65 78
54 65
55 86
77 44
23 86
21 74
47 33
94 49
48 84
59 47
73 60
3 40
33 56
46 48
91 44
70 12
58 24
14 82
15 19
19 61
44 91
61 84
95 98
84 58
24 16
91 25
44 45
19 77
74 31
93 18
55 84
34 80
63 62
61 18
83 69
61 49
39 13
85 64
3 44
57 47
21 66
20 7
43 95
96 36
66 36
81 85
16 30
65 22
51 21
50 17
78 76
36 1
2 4
97 2
99 39
50 29
57 20
89 5
73 82
28 8
2 8
47 6
6 0
9 90
18 87
31 50
13 73
2 98
11 50
4 96
42 68
99 38
28 40
0 31
31 99
28 20
9 60
14 8
83 41
91 5
57 19
77 80
20 88
65 6
5 80
60 58
48 4
60 77
81 36
18 92
28 63
70 64
2 64
97 44
19 95
3 24
29 33
21 88
98 12
6 72
55 55
75 4
96 98
46 78
93 47
23 73
0 19
28 31
10 80
56 81
85 28
97 89
50 1
4 37
10 74
46 29
12 7
10 64
25 47
73 56
49 54
9 93
35 2
26 53
72 35
41 1
41 61
69 43
65 86
2 2
3 96
11 45
31 64
22 43
91 49
24 4
84 16
11 99
33 57
1 90
97 60
4 43
18 71
37 51
44 24
62 97
46 7
73 65
81 32
94 99
3 7
56 52
46 25
78 82
20 37
34 79
99 58
15 71
73 51
87 63
35 8
28 49
72 5
60 95
55 52
25 21
36 3
23 20
88 43
36 25
30 32
1 61
0 97
97 33
12 64
33 59
11 40
88 13
99 94
62 79
91 15
18 16
76 73
26 12
75 87
57 45
59 65
0 56
65 42
38 62
93 78
53 47
81 34
88 76
35 10
24 31
36 7
43 48
20 22
90 52
64 35
54 82
7 35
35 56
65 62
45 63
94 68
33 92
16 52
29 42
35 71
97 46
59 4
60 84
93 28
74 10
15 24
58 74
9 16
26 99
23 64
28 48
88 99
3 14
62 12
93 59
1 4
44 11
38 66
25 68
13 21
96 21
28 94
17 74
5 68
61 75
94 13
81 73
13 81
24 47
71 70
81 33
25 50
56 21
64 14
81 10
28 4
75 10
77 7
6 69
52 24
5 36
60 99
92 66
50 55
6 43
80 79
35 59
77 50
11 86
15 37
22 69
87 15
65 39
86 59
69 51
72 65
23 61
65 97
49 92
22 18
13 83
68 83
84 2
33 76
51 80
98 93
37 46
31 33
34 17
50 87
56 30
10 3
62 50
33 26
67 82
41 9
36 4
90 34
93 9
38 22
36 44
60 69
85 13
57 54
37 77
50 47
97 82
88 71
44 60
52 26
95 31
61 31
48 42
27 50
91 1
8 99
89 35
49 23
60 20
54 91
17 39
55 18
46 92
80 74
18 2
32 8
28 29
94 81
7 66
58 64
28 46
6 93
22 78
32 51
39 77
56 66
78 27
85 32
82 32
15 79
27 73
26 21
61 77
93 76
84 0
30 85
19 33
55 44
39 82
4 31
85 60
0 50
69 44
48 60
68 89
95 28
26 4
82 31
32 70
19 35
16 36
57 18
78 94
50 94
52 29
10 73
76 5
63 49
5 94
34 81
12 81
21 52
54 64
56 74
1 43
94 40
94 48
76 60
37 86
87 99
50 15
94 45
11 7
68 22
74 30
73 91
43 9
57 78
99 84
92 62
65 48
55 48
62 36
56 42
71 38
91 87
93 81
17 15
64 70
65 37
10 29
36 15
98 55
75 28
17 45
94 93
86 68
41 80
56 48
35 65
81 62
34 33
27 1
90 78
45 71
61 3
42 46
8 90
58 84
56 75
88 3
26 14
99 49
57 30
11 8
2 51
20 27
73 11
82 12
42 78
74 59
28 60
16 85
40 8
10 66
98 60
36 27
95 2
68 67
12 52
35 83
25 59
60 42
45 59
24 53
50 70
9 47
93 66
33 34
79 86
70 3
78 46
14 43
13 93
67 38
30 48
81 79
81 11
79 40
29 46
32 56
48 59
40 63
9 28
79 17
65 44
82 0
60 75
0 36
24 85
58 66
33 41
8 41
57 81
65 25
26 25
71 36
70 19
5 44
24 33
5 41
98 3
9 83
14 32
94 80
41 75
86 50
20 78
31 67
79 73
73 3
86 35
52 75
25 18
90 99
32 7
69 89
34 85
10 70
32 19
31 81
37 80
64 62
87 84
31 80
51 24
44 48
53 41
20 30
31 63
91 68
67 32
97 31
16 67
80 36
53 32
20 52
69 63
77 20
50 37
96 57
86 74
47 39
57 6
19 31
14 50
59 19
28 81
88 78
43 17
75 7
51 4
76 72
31 25
5 88
14 40
59 60
50 33
96 83
88 63
50 23
5 39
53 85
19 86
25 77
93 13
28 26
15 17
29 96
35 52
55 38
2 49
9 59
68 37
79 13
35 14
91 47
2 99
53 18
70 22
76 55
57 67
74 22
89 38
6 59
12 26
97 85
91 32
29 90
73 54
92 0
49 63
15 47
86 82
33 54
73 17
5 62
66 2
74 70
78 6
64 98
21 75
10 22
88 61
35 11
93 16
21 77
21 5
23 43
13 72
58 42
15 98
98 43
3 29
97 9
3 70
68 55
92 96
6 98
50 76
55 3
0 51
10 25
8 96
47 1
73 42
33 29
77 84
34 38
43 31
12 60
31 11
52 27
56 84
56 86
32 88
49 22
81 65
30 65
97 5
26 0
71 47
61 22
62 53
82 83
41 29
48 95
71 16
67 17
11 72
40 89
52 86
65 59
30 6
1 74
51 40
9 24
33 93
3 11
77 10
6 30
66 24
44 78
43 6
26 75
46 5
55 70
55 4
15 85
76 97
16 77
72 70
62 94
38 30
85 8
85 85
10 46
4 85
48 6
45 98
83 8
37 3
19 27
64 85
69 14
65 24
11 65
22 55
83 43
63 44
6 58
96 39
12 23
60 93
50 7
84 7
60 29
28 59
70 95
53 68
94 69
61 70
81 4
63 30
90 46
1 94
32 30
20 20
49 39
36 82
49 78
18 32
66 23
95 49
20 33
25 38
70 62
19 38
62 80
89 86
9 21
80 50
71 22
75 69
1 29
54 98
79 19
18 73
11 32
7 11
86 84
20 74
35 29
49 75
73 61
47 76
78 17
84 41
96 90
24 74
94 10
74 58
91 77
20 90
44 51
92 43
8 11
91 90
5 81
74 91
78 99
99 68
49 90
38 34
8 56
55 50
36 56
8 33
13 54
91 31
10 35
42 18
14 75
37 29
91 64
7 51
2 29
52 14
0 54
96 37
71 69
76 82
87 59
4 38
50 98
85 33
18 78
87 57
28 37
11 67
92 88
26 76
74 6
14 61
76 77
43 94
64 50
3 62
20 92
92 40
87 55
69 54
26 17
6 88
20 15
2 21
48 62
8 71
51 34
25 14
61 82
99 99
15 83
92 74
82 4
30 98
62 59
66 90
89 10
94 14
14 38
63 54
37 52
44 69
98 33
98 34
82 53
27 75
11 13
40 7
43 11
31 5
18 80
51 26
63 26
19 89
40 58
15 42
35 1
9 78
36 0
87 97
72 10
15 9
43 32
76 1
67 56
89 79
61 99
76 50
97 42
10 0
24 39
52 37
81 5
87 12
10 88
23 33
65 19
2 17
73 67
64 65
62 19
53 22
63 29
48 64
76 78
37 93
66 77
99 36
59 5
25 23
30 76
3 20
85 20
42 31
96 1
36 17
0 76
32 28
88 38
48 49
57 82
41 3
48 76
98 62
8 81
28 38
70 16
61 61
62 75
31 89
68 91
45 60
57 68
58 80
63 96
14 34
58 96
34 2
45 79
90 72
5 79
25 65
55 34
63 45
74 68
65 11
92 1
25 90
86 7
6 73
32 96
91 70
25 49
64 7
62 23
98 8
90 86
15 60
56 97
65 83
40 68
17 49
21 11
5 13
54 26
24 93
49 3
24 95
76 37
39 93
18 24
22 89
27 81
96 41
1 97
2 63
48 35
33 11
46 63
33 18
98 71
71 72
42 1
96 75
97 36
58 9
95 24
45 68
5 25
91 19
89 28
79 21
6 19
98 15
11 18
55 24
41 28
4 2
85 78
44 41
22 36
17 42
76 2
22 74
84 33
85 88
66 35
98 6
31 36
98 1
19 69
23 45
50 71
23 34
90 81
85 34
83 86
92 57
71 76
26 98
62 37
59 82
91 88
16 80
20 50
31 93
99 16
80 89
7 26
65 26
22 56
96 11
64 17
50 80
12 91
78 4
2 35
24 86
31 87
75 32
32 83
7 75
34 4
4 84
0 73
39 51
78 69
16 50
23 46
32 69
89 46
3 90
61 63
70 29
48 89
22 31
50 45
17 64
77 43
27 78
73 72
91 43
27 28
64 53
89 21
36 53
99 59
14 57
79 84
38 81
14 81
58 18
27 36
9 7
69 4
59 93
23 51
25 20
56 59
68 76
70 9
11 93
82 36
20 44
67 47
18 47
31 79
19 36
47 8
15 76
47 64
35 73
29 75
65 35
25 63
53 31
54 62
44 46
17 17
11 0
51 12
51 23
63 64
82 69
23 54
4 17
37 91
6 42
20 39
9 2
19 1
99 29
27 52
13 48
14 59
37 37
76 40
62 92
53 35
0 13
52 50
31 29
24 49
44 42
59 39
7 94
59 81
48 46
96 68
18 45
9 5
1 66
43 79
50 81
12 33
3 17
41 53
53 27
67 51
55 20
1 58
27 98
70 83
60 55
21 12
20 62
70 68
92 46
22 27
32 17
38 93
73 44
42 82
36 41
35 39
71 56
96 87
14 73
9 81
68 96
0 29
54 73
78 0
37 39
80 10
15 38
3 59
56 78
90 74
57 75
74 33
26 46
19 98
50 95
40 21
75 68
6 23
61 58
77 75
6 51
71 71
91 59
72 62
10 83
44 43
66 97
35 9
35 25
6 40
81 57
88 93
83 23
26 32
97 0
2 50
74 4
33 64
70 4
56 1
23 18
95 39
31 10
35 69
15 54
22 2
55 31
54 76
19 24
88 79
59 51
96 54
50 48
48 25
61 46
26 56
53 59
37 67
15 29
61 50
89 76
95 90
32 89
93 80
19 64
76 23
54 23
94 42
66 63
53 67
18 34
43 74
35 4
39 18
52 90
66 37
71 87
89 27
47 65
56 17
45 0
93 41
48 20
67 69
96 27
96 74
14 22
76 18
97 30
48 34
41 31
86 98
78 59
7 72
74 21
97 75
73 53
6 32
76 22
76 44
10 32
48 33
15 44
97 52
61 56
49 45
44 64
49 13
36 46
49 80
23 55
56 43
54 37
44 62
44 29
86 24
67 64
89 58
2 59
18 17
91 46
81 28
32 36
8 63
0 49
64 68
83 38
53 90
38 99
49 93
86 71
19 5
18 68
10 10
49 97
38 90
77 1
86 32
61 67
17 19
5 12
52 99
12 34
75 93
92 19
13 46
6 84
5 45
12 94
87 72
74 18
98 29
6 70
88 11
51 77
29 98
10 55
32 76
87 96
37 69
15 34
41 14
70 18
38 97
26 79
46 10
25 42
27 54
51 31
45 95
75 18
32 24
0 58
75 67
81 19
58 78
2 14
18 50
59 48
76 52
30 2
98 83
83 52
32 54
21 51
53 76
18 22
36 95
94 79
21 91
28 13
49 71
97 15
59 59
22 9
46 56
76 14
40 65
79 82
21 36
12 63
56 90
45 12
54 49
31 49
25 31
66 93
96 30
39 63
43 5
19 23
67 75
89 67
12 20
44 8
21 47
75 11
45 49
52 46
97 51
94 33
0 45
77 64
48 81
90 65
26 96
84 62
76 7
82 8
13 7
32 21
66 1
9 56
37 62
51 72
66 85
8 54
26 90
53 25
58 62
25 76
85 41
20 17
51 86
58 50
56 51
47 56
30 97
85 18
67 11
20 34
4 97
86 83
42 63
12 54
57 25
11 25
20 87
9 58
63 70
86 89
14 96
63 13
85 69
31 44
75 57
98 57
79 52
71 73
46 14
93 1
39 9
22 94
62 54
34 89
0 12
49 51
82 72
51 82
17 67
0 18
47 46
3 37
39 69
75 86
52 9
86 51
14 17
29 95
5 96
29 26
61 71
50 49
72 79
44 5
3 54
33 61
96 73
16 59
8 25
68 9
23 13
96 14
85 80
82 20
2 40
99 35
82 16
77 77
88 18
23 15
20 26
50 99
84 86
29 89
88 21
94 52
36 64
65 57
16 25
15 67
60 57
25 3
44 3
89 50
18 30
71 34
34 3
85 55
94 91
0 11
99 34
72 30
48 77
56 96
42 28
4 5
50 67
20 49
52 44
84 97
80 76
0 28
53 99
26 10
9 51
27 46
22 58
64 84
15 97
24 54
45 18
67 68
67 3
10 42
19 80
39 3
52 78
39 36
25 92
69 72
27 26
32 78
12 22
6 36
60 87
60 34
1 17
22 7
77 98
14 69
43 78
19 84
8 75
25 6
99 78
56 34
12 25
82 59
2 13
10 58
95 11
61 27
28 3
71 81
3 69
40 61
14 49
80 87
0 71
94 29
18 85
87 50
37 13
98 63
95 40
63 53
51 39
18 0
32 80
59 77
95 60
41 86
31 45
87 44
62 98
6 52
60 56
53 94
22 71
94 76
8 44
18 28
98 22
52 11
43 97
84 50
53 8
62 90
20 32
3 55
32 5
60 4
63 40
17 56
86 38
17 90
46 55
41 78
91 73
34 95
29 81
10 16
99 62
39 8
44 59
25 94
22 77
85 76
91 16
46 57
39 52
57 14
93 71
73 25
52 72
79 49
84 48
8 88
42 59
90 70
30 89
17 60
77 19
63 48
31 18
96 34
9 71
77 86
60 47
47 89
99 75
10 47
47 24
65 72
37 64
61 45
20 85
46 31
64 73
72 14
33 49
7 18
36 84
52 82
24 72
8 69
88 50
7 48
27 29
85 49
17 91
66 96
97 71
92 75
82 58
91 28
49 1
61 34
34 52
90 63
63 35
35 24
26 52
87 4
27 47
77 83
70 34
78 71
93 46
52 63
80 15
64 72
68 39
31 86
30 75
10 20
33 8
18 83
15 43
87 26
56 31
63 68
50 83
30 34
80 64
88 17
28 56
0 16
76 98
9 96
77 94
2 32
40 98
46 71
85 1
35 13
1 9
56 23
98 16
32 55
39 99
76 49
4 54
15 4
1 91
8 43
76 47
46 47
45 39
9 33
9 87
96 69
10 26
89 99
87 78
74 90
76 57
19 15
14 26
35 85
98 36
61 91
44 86
7 37
9 30
94 18
67 61
49 14
68 16
82 79
45 74
37 6
50 92
94 30
12 58
57 44
70 78
8 80
89 30
90 67
48 50
80 12
44 94
60 44
3 61
75 9
59 28
47 3
24 7
89 88
26 1
59 96
42 66
75 65
68 40
8 3
11 42
34 74
0 74
92 34
95 34
77 18
49 6
63 72
83 27
24 94
69 64
46 76
41 64
60 26
68 51
56 76
99 56
89 9
18 1
10 53
92 47
14 41
93 95
86 77
23 44
67 6
31 85
40 53
31 30
84 36
50 21
8 78
16 74
77 79
11 41
12 37
78 35
95 87
47 98
42 6
81 52
57 70
14 25
40 97
25 7
45 58
34 30
59 30
99 37
20 29
89 32
22 16
8 13
26 80
78 30
22 60
54 74
42 22
92 53
19 25
14 93
36 45
74 82
77 63
71 98
97 10
16 26
51 47
22 85
70 55
45 65
2 1
41 15
39 68
72 1
87 19
97 62
91 54
28 5
74 60
86 58
23 19
26 51
85 99
89 23
84 21
28 47
38 77
17 79
83 37
71 51
41 83
81 40
59 31
76 62
89 18
12 46
53 43
23 38
52 62
92 3
95 55
30 88
1 83
93 27
4 13
92 65
34 10
83 65
5 54
72 0
59 16
60 79
47 5
41 94
2 45
72 78
47 60
84 9
57 51
96 92
99 10
12 84
63 8
18 42
67 9
8 27
73 94
55 21
70 38
36 79
38 1
78 18
85 53
62 68
69 3
55 45
14 27
17 51
5 33
78 48
9 76
12 59
23 63
80 90
20 18
16 73
38 55
58 70
5 84
24 87
58 3
95 83
60 38
98 9
57 73
5 19
18 51
20 40
82 33
21 72
74 78
71 67
66 58
45 84
40 74
7 13
32 0
62 9
85 9
62 10
93 65
59 21
43 63
23 96
75 36
28 78
12 32
29 0
84 47
17 66
32 18
75 40
50 8
7 74
19 72
57 35
76 45
82 48
93 54
76 41
34 40
20 41
33 58
57 91
13 58
85 40
40 16
2 7
47 67
98 75
73 14
59 68
28 77
87 38
51 78
37 7
89 33
17 57
88 31
92 50
79 95
99 72
62 16
14 77
64 21
45 35
61 6
25 1
13 4
33 50
0 30
90 85
23 17
95 81
81 51
14 37
16 14
31 55
88 64
77 92
95 97
84 11
12 43
81 1
33 13
43 87
60 49
43 34
66 5
24 32
93 73
46 4
83 48
93 2
77 41
42 56
98 26
68 6
47 69
94 70
55 85
15 69
67 94
31 37
49 36
0 84
25 56
24 66
59 56
29 36
81 42
18 11
73 97
80 29
44 75
63 66
98 10
4 93
20 9
39 20
73 66
13 11
73 52
32 63
62 51
77 46
77 40
71 85
98 21
88 67
72 49
94 66
97 25
54 17
31 72
61 60
1 41
36 52
8 74
89 17
84 88
21 39
73 27
17 63
46 16
18 54
58 67
13 0
26 19
46 70
41 77
4 6
97 74
86 19
40 31
83 89
39 56
38 39
55 63
66 32
4 86
75 60
70 63
16 57
6 99
21 37
86 94
62 24
58 32
24 36
59 58
30 25
2 33
82 80
55 6
85 6
0 21
7 99
0 20
19 2
81 66
44 30
91 41
74 73
49 53
61 21
17 86
66 78
37 78
48 68
64 29
81 86
43 68
86 95
50 91
41 36
85 24
81 55
10 50
99 95
32 66
32 73
91 76
45 21
33 12
6 79
92 86
24 73
16 9
42 19
7 65
29 25
5 65
1 23
70 58
40 55
22 19
92 78
63 83
36 21
51 3
8 34
75 6
39 21
93 29
98 70
52 15
20 10
51 44
3 34
66 45
44 4
29 18
66 9
62 62
75 50
51 92
61 62
31 15
10 36
31 74
21 38
76 38
93 63
80 73
9 48
16 29
3 63
49 96
34 13
23 62
82 60
58 92
40 90
64 26
34 20
34 21
83 99
19 82
23 99
7 89
72 93
63 56
8 30
38 60
37 85
53 52
88 72
51 68
71 32
2 96
89 48
68 53
56 53
53 86
10 65
55 26
45 82
52 67
80 35
27 59
55 92
92 67
95 43
7 60
0 22
25 12
57 76
91 33
79 20
55 49
44 53
13 92
2 69
54 22
56 61
61 32
50 97
9 54
26 6
71 21
3 58
60 6
95 14
6 92
27 0
44 74
77 4
75 54
24 18
42 94
20 1
22 86
68 43
50 59
12 68
48 26
39 4
54 16
48 65
73 40
96 10
50 4
99 17
11 68
11 85
10 92
21 46
2 85
57 98
87 0
38 26
88 74
75 25
55 41
98 90
61 47
30 31
22 65
59 12
34 18
58 37
60 72
74 16
7 57
41 24
74 74
78 44
61 80
65 27
36 68
52 73
21 70
67 37
32 60
30 28
2 48
1 34
85 30
4 68
34 98
36 57
78 96
40 54
4 20
12 15
48 10
83 22
63 67
74 45
16 58
47 93
29 68
65 60
99 82
10 5
71 6
56 7
53 9
80 97
50 60
24 69
22 38
57 96
84 56
49 57
60 27
33 3
95 25
82 63
84 1
46 62
10 37
95 70
2 94
4 89
32 23
9 41
79 56
44 56
38 68
20 43
0 92
16 76
16 89
29 63
39 1
48 98
63 90
4 52
37 73
90 82
20 80
81 39
71 60
1 31
76 75
62 25
89 13
0 94
46 87
84 10
81 77
96 40
78 15
42 73
5 32
68 57
92 27
74 94
87 2
10 43
99 48
84 24
23 9
8 97
64 30
3 38
7 3
91 37
82 15
25 97
79 42
87 92
23 59
29 29
79 76
99 73
78 66
64 78
8 15
46 74
26 3
40 4
88 2
16 39
7 10
87 22
18 64
53 40
45 77
28 53
37 35
2 81
11 91
98 50
55 46
59 3
41 62
1 21
64 3
86 21
53 19
78 10
39 78
53 69
1 44
99 42
12 28
36 20
70 61
80 86
81 76
38 23
96 20
35 54
82 17
60 96
87 93
6 81
12 45
57 39
63 88
37 54
82 71
18 43
26 54
5 72
0 47
35 41
68 13
93 7
17 96
15 8
21 56
72 6
99 65
33 97
71 31
36 42
15 93
39 0
70 54
40 93
80 98
15 33
47 48
65 16
38 65
98 19
75 82
31 62
46 24
23 21
70 30
22 72
51 14
11 44
59 38
64 83
98 72
16 62
81 0
20 70
43 82
84 54
58 79
59 0
86 9
69 73
71 30
65 46
70 91
38 95
95 38
24 17
97 88
55 74
70 36
72 77
85 19
93 72
35 35
41 17
75 45
43 10
58 72
64 80
27 77
7 69
97 34
84 95
64 8
30 13
14 89
67 49
92 84
94 32
20 73
32 35
99 52
69 7
70 17
68 59
8 82
81 35
36 78
95 0
40 71
96 77
65 93
25 26
17 5
41 96
83 28
28 89
45 62
16 98
30 38
70 99
13 63
84 92
60 73
86 23
21 69
33 77
82 50
34 14
53 89
87 35
85 42
23 94
35 95
89 51
45 37
95 65
26 22
75 0
5 57
58 95
16 93
90 89
61 55
11 11
73 19
36 85
84 91
72 7
81 69
3 19
45 61
70 40
42 16
49 66
28 95
38 10
4 71
70 92
19 57
92 80
32 81
92 97
24 40
10 81
27 18
59 83
72 74
1 27
95 6
27 23
27 92
64 67
30 86
4 80
3 35
69 13
78 55
72 51
31 88
3 1
62 21
97 11
92 98
20 82
98 65
37 27
81 45
19 74
78 68
7 34
27 79
97 29
86 15
82 99
43 43
89 11
87 77
46 75
78 39
42 99
0 0
10 11
12 29
90 3
12 97
21 49
58 51
64 48
60 3
42 57
98 77
67 83
34 77
61 66
88 4
94 15
12 40
7 92
33 99
50 0
72 34
53 91
71 53
93 74
65 2
74 61
12 56
91 48
10 69
56 28
66 86
98 92
25 13
72 91
82 61
16 17
39 84
33 51
37 81
6 87
25 72
53 26
90 36
74 52
35 61
16 27
47 74
53 48
98 81
6 39
5 61
54 89
52 12
21 92
5 90
33 1
9 42
22 45
86 52
39 85
80 96
95 99
57 36
78 23
29 13
55 37
72 18
78 53
17 85
35 21
71 63
13 70
31 39
75 16
6 8
67 30
53 30
11 9
73 16
22 29
19 14
46 1
22 28
27 66
26 91
2 25
6 34
32 37
65 74
33 86
35 53
81 38
16 82
54 88
97 4
11 97
2 88
9 27
75 75
9 9
58 15
52 47
86 87
72 3
37 96
7 87
73 84
49 17
85 45
97 22
37 34
8 36
20 25
88 65
20 8
45 43
44 47
51 55
47 49
8 91
45 86
46 97
44 50
74 53
67 95
72 89
38 36
40 29
0 75
41 79
27 11
4 50
53 2
46 27
77 13
37 76
42 0
48 58
69 5
36 54
52 64
65 79
58 7
45 28
6 85
84 42
70 5
38 71
15 89
75 64
15 23
69 21
76 29
25 16
60 10
13 55
56 47
9 50
81 61
26 34
32 38
72 50
92 30
25 4
4 73
57 23
97 66
43 7
87 89
65 17
60 5
23 0
21 80
16 84
55 58
47 71
85 63
95 12
99 51
63 34
8 51
91 17
49 48
4 44
55 96
39 30
93 39
16 22
42 69
88 89
70 96
58 57
68 72
78 20
20 99
10 27
72 81
1 20
56 15
83 10
18 97
27 82
28 58
27 91
62 55
74 92
84 44
5 66
90 69
60 81
65 94
19 68
9 14
62 82
64 94
84 27
84 67
63 21
79 16
10 18
61 19
42 20
69 87
38 76
72 97
4 98
53 72
67 87
51 59
56 37
87 9
54 39
63 74
32 57
85 86
26 42
52 58
2 56
80 54
16 69
31 32
23 87
26 18
94 11
48 69
33 44
99 91
25 73
8 37
56 95
43 69
42 11
81 68
75 17
18 49
62 65
17 1
55 81
99 89
15 11
14 9
0 32
50 2
31 70
63 69
0 95
29 47
28 42
3 80
96 61
97 40
29 64
19 40
97 94
76 90
34 72
51 74
76 80
60 94
83 30
36 24
31 2
52 66
56 19
49 20
69 45
54 19
82 11
1 30
62 76
48 48
77 35
86 29
68 68
9 65
94 54
72 43
65 89
47 30
49 29
4 63
88 28
41 37
24 3
99 67
73 20
99 96
41 55
72 92
11 24
94 56
20 83
95 58
80 5
16 94
30 12
19 90
77 74
90 71
56 94
2 72
46 51
4 28
87 88
29 67
30 43
91 84
40 78
4 53
4 90
40 45
5 74
43 99
83 61
19 17
22 96
15 14
46 37
43 96
31 0
49 40
50 32
51 65
19 16
79 47
67 90
89 83
15 20
51 18
95 9
58 87
87 56
89 45
0 2
30 54
8 28
51 84
32 62
56 57
24 80
36 49
73 32
5 34
29 91
82 49
34 19
59 8
95 22
33 20
28 87
96 5
8 7
26 26
52 76
61 10
14 21
93 36
67 79
67 58
79 91
70 89
78 81
83 83
94 47
9 64
2 5
84 72
93 90
90 15
61 52
33 87
11 74
4 81
1 99
48 43
3 32
79 89
34 23
83 79
41 74
23 28
7 52
75 56
81 9
11 84
85 61
62 71
7 25
61 88
43 80
92 54
1 59
62 57
19 6
50 13
17 36
82 70
92 95
62 39
48 57
2 22
49 12
24 89
51 93
31 23
33 35
3 53
26 13
37 68
16 21
45 48
43 72
76 27
76 4
87 94
5 30
22 21
73 0
16 44
78 2
17 43
68 69
93 93
6 47
53 88
46 6
82 3
23 12
78 56
2 24
79 39
51 99
18 56
92 71
49 34
16 72
56 99
23 39
84 4
58 69
69 36
93 17
6 3
58 47
99 83
39 89
5 29
18 55
15 94
96 48
99 47
97 39
95 59
89 7
96 53
69 84
91 56
35 7
94 35
92 55
42 84
19 73
90 66
5 48
62 42
23 29
16 65
64 96
59 98
94 94
80 0
47 80
59 79
42 88
63 39
90 98
18 35
80 43
67 86
68 90
60 52
27 48
80 6
55 14
19 63
59 85
84 39
69 6
23 89
82 97
5 42
66 44
98 37
33 95
72 71
99 2
15 32
93 25
1 76
30 68
90 68
51 90
59 29
5 51
44 93
13 8
60 98
36 37
49 65
60 1
46 81
22 30
81 59
82 19
62 88
54 80
54 42
21 83
98 69
98 98
44 17
71 46
94 27
79 3
3 97
13 71
32 32
92 68
28 86
47 97
70 43
3 89
58 36
16 96
46 19
69 52
54 35
33 68
45 5
46 88
89 42
22 34
35 47
2 54
88 30
45 16
62 17
46 72
4 33
7 38
37 28
27 27
47 31
36 38
67 44
78 89
46 38
85 48
94 86
81 99
90 18
2 71
78 95
80 93
79 51
19 22
24 41
44 99
2 31
67 28
67 85
65 76
72 31
28 44
63 58
83 96
1 14
65 41
91 22
59 91
92 25
77 78
65 96
10 98
56 20
90 94
41 22
95 10
53 74
50 11
92 28
78 3
42 70
2 28
1 15
68 20
30 16
51 0
43 85
14 29
92 49
43 30
83 93
43 42
76 34
12 77
44 19
72 86
25 71
84 79
38 25
90 31
82 47
52 17
18 20
44 65
79 37
75 88
11 1
11 70
29 6
25 51
64 59
80 60
69 16
44 20
76 33
40 59
78 87
96 16
91 23
17 87
97 24
0 3
56 98
0 33
71 68
66 29
62 31
31 71
16 66
60 60
71 1
91 82
45 45
91 92
70 88
66 6
33 43
98 85
74 93
8 10
1 55
26 97
6 55
81 75
97 95
38 73
86 76
96 29
43 61
4 74
53 12
74 63
27 57
16 38
53 10
72 48
87 91
0 52
34 25
91 58
89 6
47 45
57 15
44 87
13 65
93 8
18 96
78 97
9 20
50 82
10 60
71 64
56 14
43 13
72 60
10 77
88 7
63 47
82 98
0 61
52 79
29 56
79 4
41 91
69 99
9 85
1 16
6 33
33 5
21 7
35 3
92 44
61 64
66 14
94 74
30 42
90 43
48 45
82 77
41 97
4 29
13 42
77 48
17 80
52 0
49 73
8 0
90 96
15 84
95 82
87 42
12 27
67 66
69 33
3 3
28 85
54 13
24 83
37 48
39 44
85 90
39 92
51 22
27 24
60 88
85 43
24 76
89 57
50 52
42 13
48 88
46 34
98 97
53 80
10 76
39 15
18 33
19 60
5 18
28 12
95 27
51 42
11 73
86 3
18 48
99 5
18 67
28 6
10 15
78 74
98 32
8 57
57 24
51 1
57 2
1 38
87 71
49 15
83 58
0 48
32 82
88 37
88 32
66 10
14 46
55 87
13 76
6 60
74 5
33 67
46 96
11 23
42 55
16 81
68 75
40 10
67 78
58 10
26 20
80 24
74 97
72 55
37 66
48 86
17 82
89 71
41 81
41 60
1 70
50 57
59 52
29 65
71 83
70 0
64 27
33 0
18 44
93 20
43 64
63 98
26 29
76 19
68 63
6 1
33 22
65 23
38 20
90 47
50 36
15 7
3 47
80 95
42 71
14 55
0 27
74 35
28 30
70 6
68 54
16 83
81 91
63 27
93 70
39 95
78 1
4 7
97 16
98 20
89 69
45 67
0 9
49 94
29 72
41 92
23 97
61 9
45 56
88 1
79 28
62 28
41 19
30 37
80 55
40 52
75 49
82 86
77 65
84 53
58 59
23 23
58 21
39 7
97 54
36 92
24 44
66 30
4 14
39 81
21 50
23 26
27 53
14 62
78 34
82 45
16 3
50 61
68 35
26 84
87 32
61 68
51 49
48 94
84 20
78 60
3 87
94 46
37 97
1 62
54 71
48 72
4 0
10 71
82 92
2 15
2 44
33 6
56 88
78 57
61 41
45 14
5 77
73 86
67 71
56 5
32 43
66 94
73 33
48 97
15 12
9 15
48 70
86 99
29 54
60 18
7 93
40 76
52 61
32 27
49 8
78 11
66 64
65 88
95 94
74 20
21 97
71 39
53 45
72 36
72 85
84 29
45 94
26 55
29 69
30 11
4 77
70 97
37 47
25 61
19 52
63 11
16 43
83 66
89 36
70 28
60 17
59 46
67 97
52 68
47 34
12 89
77 47
82 5
2 58
90 79
39 96
30 90
83 31
32 95
7 67
20 35
46 90
42 5
56 65
82 75
65 69
66 34
41 82
40 96
75 38
11 38
95 44
27 19
94 24
45 80
14 42
62 58
62 61
39 98
61 93
84 64
47 36
64 88
18 38
60 66
99 63
61 81
76 26
88 39
62 8
21 73
8 59
30 26
90 92
39 74
67 35
16 56
48 79
24 99
65 40
93 35
62 83
20 81
49 61
41 32
23 88
20 48
64 55
79 25
55 25
58 19
46 23
19 65
31 75
6 78
67 34
74 9
65 49
85 3
71 14
59 53
88 92
96 4
81 6
68 94
18 6
92 51
0 34
65 56
59 57
32 47
50 41
12 8
16 15
45 19
69 47
47 42
25 69
97 56
5 31
89 93
58 65
51 53
48 27
12 1
85 4
29 74
59 66
94 95
80 52
53 60
86 4
64 75
29 48
71 3
45 20
34 1
12 61
86 62
16 5
34 90
15 55
57 34
70 7
62 56
57 29
77 99
75 58
1 13
27 2
82 95
86 70
10 2
27 21
87 53
79 22
42 62
13 44
35 80
16 41
6 90
47 55
40 32
60 32
51 46
6 31
74 86
95 53
50 19
36 9
7 45
87 23
85 50
54 56
5 89
41 41
88 87
75 76
95 41
17 95
48 44
97 70
79 7
5 23
83 91
63 32
91 29
72 64
30 0
11 17
47 86
26 47
89 41
86 28
25 75
23 78
42 45
6 74
71 54
34 11
87 79
6 21
61 57
84 43
83 44
9 35
74 77
25 58
73 12
97 78
60 80
29 16
62 43
16 71
72 26
85 95
81 26
34 16
2 10
56 73
97 43
76 10
18 61
12 48
44 40
66 80
66 43
82 1
35 12
9 89
5 5
50 43
77 29
30 66
77 9
70 15
21 20
98 31
33 63
43 57
42 86
14 12
37 82
2 11
15 51
66 28
37 75
34 27
10 40
97 97
66 7
67 19
55 59
68 62
39 47
94 41
17 14
74 99
24 59
92 33
22 20
38 94
2 90
59 25
73 89
20 71
0 53
96 52
16 91
99 8
17 12
22 17
56 91
66 18
88 5
49 44
74 28
95 62
1 84
22 40
93 48
59 34
12 53
46 69
81 74
80 8
10 54
6 20
38 52
80 91
33 38
80 94
7 41
93 64
64 16
38 51
0 1
49 7
6 64
78 92
53 6
27 31
36 10
72 88
1 60
13 24
11 59
27 45
77 28
97 28
50 14
39 88
41 49
54 14
31 69
47 23
35 60
77 11
6 75
17 62
69 37
70 47
44 26
46 67
94 73
20 75
1 8
48 78
38 72
42 51
22 25
8 32
10 63
68 23
99 61
89 81
26 64
74 12
6 41
45 96
24 90
3 0
77 36
96 9
38 80
13 32
7 43
73 4
98 23
20 11
76 20
8 93
73 74
53 98
35 42
79 85
43 28
34 15
76 96
80 58
51 28
40 9
94 59
42 74
71 89
43 77
68 14
50 28
99 71
91 38
44 0
57 0
75 80
48 73
55 61
8 87
54 51
27 65
81 87
2 20
3 23
15 57
25 87
40 27
6 83
47 47
40 28
43 29
45 87
82 18
33 45
47 81
72 90
2 30
91 52
54 29
85 7
30 36
43 76
18 77
90 6
75 90
41 21
57 42
27 76
58 81
52 19
51 41
40 77
83 36
60 53
39 38
75 37
11 26
76 92
95 48
10 6
24 78
28 75
3 42
1 28
99 81
83 13
2 57
64 39
40 38
55 93
22 33
56 82
41 18
37 70
60 2
43 52
60 15
81 44
69 80
17 33
87 40
92 61
87 25
38 4
32 34
50 90
2 77
51 48
49 74
15 52
68 56
21 59
24 19
87 11
22 15
73 83
90 57
10 99
98 5
58 43
28 93
38 24
43 83
77 52
15 41
85 39
73 5
56 35
41 50
32 61
41 39
5 35
88 52
19 66
17 73
14 98
82 13
86 25
38 32
3 81
5 10
78 8
39 40
99 85
31 14
83 25
90 2
59 88
13 29
88 54
10 7
42 95
33 82
88 91
96 43
71 17
32 33
63 0
18 72
95 42
27 63
80 70
22 79
78 88
61 94
38 3
71 49
33 40
55 12
47 88
89 78
25 62
67 12
85 29
46 26
30 82
10 1
25 17
95 89
30 96
21 28
19 19
54 93
1 24
46 77
86 10
83 14
80 39
44 88
53 7
50 88
22 42
63 51
18 41
89 29
66 15
33 25
51 35
68 7
73 39
20 61
93 26
22 0
17 61
70 26
15 31
55 98
63 33
22 37
76 68
98 67
21 98
21 84
82 25
30 69
98 46
35 50
44 10
28 69
71 93
69 17
64 25
68 26
56 11
81 83
14 84
14 16
51 69
37 59
29 59
1 89
34 46
80 61
78 31
56 38
1 35
30 67
20 76
7 30
89 44
52 23
47 73
83 18
35 16
92 81
93 11
3 75
7 40
58 17
33 94
10 52
60 0
7 15
27 97
46 17
14 11
21 86
74 66
28 16
66 4
60 97
43 60
86 63
63 71
14 87
64 90
91 3
2 60
29 79
13 31
23 5
83 70
29 2
31 83
58 33
34 26
38 87
44 1
76 63
44 15
53 84
8 5
92 13
76 6
85 15
13 37
26 83
30 24
56 92
59 9
43 36
36 31
92 35
76 83
73 57
22 11
92 8
6 68
78 42
63 57
88 35
14 18
86 67
79 65
64 0
20 67
86 8
68 46
86 93
14 33
11 15
77 38
33 78
59 61
12 24
29 41
35 72
90 0
82 22
50 62
94 19
36 12
63 16
88 69
81 94
14 47
60 89
74 24
55 33
70 39
6 80
43 54
77 76
45 22
17 81
98 11
64 41
32 93
98 4
83 72
3 98
31 77
18 40
29 55
13 75
92 9
4 48
11 48
31 40
50 93
71 29
49 11
41 93
87 69
48 31
99 18
62 11
18 9
36 80
32 2
69 66
0 72
22 91
37 49
21 85
19 43
17 75
68 61
38 2
75 71
15 35
61 65
88 10
53 44
81 48
96 85
48 13
1 1
1 88
54 92
78 72
37 88
98 64
25 41
53 92
22 52
61 7
59 63
87 6
10 97
17 38
1 10
2 74
83 56
11 30
53 20
43 73
84 31
37 30
11 96
85 46
77 24
30 14
7 9
32 4
63 82
6 6
27 55
93 92
92 70
6 9
43 40
30 57
50 31
52 70
22 54
34 68
33 91
42 92
32 85
89 85
85 73
4 39
73 35
80 75
64 37
96 78
53 33
48 40
95 66
93 24
86 86
42 42
34 64
92 91
75 12
19 21
69 19
38 86
46 80
28 91
22 22
21 17
77 6
67 4
44 18
39 23
44 85
40 25
23 49
26 66
6 45
41 87
30 80
28 39
5 26
96 84
43 81
52 84
97 93
94 98
57 90
95 29
39 70
25 32
21 71
80 3
38 35
29 60
72 40
0 79
7 64
99 21
75 84
17 54
80 69
26 63
8 31
25 70
53 96
36 86
57 89
85 72
94 31
18 99
3 21
42 76
61 8
94 17
42 37
21 82
57 40
90 7
72 68
12 12
86 31
31 9
52 54
7 96
23 10
96 56
28 96
52 85
70 85
35 97
60 46
21 68
54 99
57 21
70 69
91 67
79 53
74 23
45 32
74 85
80 2
84 74
2 93
90 1
9 98
24 0
1 19
24 92
12 90
91 36
93 22
4 66
95 16
69 26
83 45
61 53
61 43
66 68
29 20
54 45
40 0
5 47
59 44
77 14
88 33
63 20
27 61
41 44
96 28
84 28
32 90
71 24
64 49
36 62
88 20
14 13
49 42
17 76
59 6
66 17
71 99
0 96
21 87
13 47
96 18
49 27
12 82
31 97
21 16
97 48
64 38
69 25
35 91
19 44
34 56
87 75
74 98
42 97
31 73
11 69
23 57
63 85
63 75
36 35
43 84
79 80
46 43
22 99
88 40
73 99
72 2
47 90
30 9
69 94
23 22
83 78
89 26
42 83
78 70
7 46
9 99
63 89
91 89
10 57
62 3
4 36
65 77
10 44
16 11
79 30
70 42
33 65
5 78
27 16
49 91
92 82
90 12
4 26
86 37
18 52
79 10
90 55
69 58
68 8
16 88
7 28
4 99
9 3
77 15
44 80
47 92
5 55
77 60
31 8
34 66
37 4
85 89
15 82
19 94
58 28
63 9
49 89
25 80
93 97
68 18
62 27
32 22
84 3
74 81
9 17
9 23
85 52
45 13
18 74
60 39
40 64
36 88
66 91
10 38
12 95
23 48
4 35
2 9
86 75
38 43
30 1
41 13
31 4
60 64
24 27
66 72
86 78
85 79
74 76
16 32
49 60
27 7
3 15
96 25
46 22
93 33
81 3
50 44
69 81
49 99
95 4
44 13
44 98
74 1
12 74
89 24
57 9
26 68
91 97
90 26
87 80
83 97
51 17
79 98
34 67
83 16
89 19
65 3
59 32
76 59
35 82
8 16
13 89
89 87
10 93
77 66
20 98
18 66
17 21
85 31
67 55
64 45
63 77
52 3
57 71
74 37
26 38
94 38
94 92
67 13
41 25
85 5
86 60
54 61
36 34
46 42
55 2
29 34
10 51
13 77
18 82
26 37
70 76
95 77
54 58
23 92
32 10
51 63
60 9
95 45
70 72
53 42
25 5
84 22
84 75
26 50
84 71
23 42
8 66
75 89
77 2
73 47
32 84
92 52
58 99
14 86
0 41
2 12
14 51
11 29
35 22
46 86
68 29
25 8
68 87
96 96
6 10
28 97
74 34
99 86
92 29
56 0
59 7
87 7
41 5
49 19
65 87
0 81
33 15
13 62
68 80
44 33
50 85
19 8
71 28
80 32
77 73
73 98
43 21
67 93
84 57
83 73
7 39
37 18
27 83
0 46
21 57
34 47
64 79
59 33
33 9
46 15
29 39
5 53
38 83
37 56
38 0
47 53
9 40
22 70
97 47
36 91
94 72
19 3
58 40
60 25
79 94
3 50
36 30
89 15
95 21
36 73
44 95
28 35
52 6
31 51
5 83
54 68
59 22
18 25
79 78
83 42
3 93
67 21
76 9
41 4
40 92
80 16
13 15
20 65
36 11
55 76
87 85
43 25
3 56
36 81
45 23
47 96
10 75
12 10
81 18
1 36
32 97
91 66
45 7
22 80
17 11
82 10
50 35
66 38
0 24
58 88
77 67
59 94
56 67
14 95
0 91
35 98
14 44
4 95
92 20
62 60
39 22
89 3
27 22
12 70
8 14
70 84
7 82
84 81
18 4
74 7
39 19
32 75
30 92
63 55
98 44
59 97
18 26
75 96
72 38
21 32
16 87
51 62
73 13
24 13
25 74
78 78
46 12
30 64
34 43
66 70
88 41
86 40
83 47
99 50
14 30
92 73
11 61
53 4
8 85
12 31
64 54
56 2
51 98
74 40
64 87
92 93
53 55
36 66
76 0
93 61
53 50
73 21
11 62
5 64
23 36
58 77
29 17
54 30
86 61
51 20
85 75
25 22
74 75
97 81
39 37
47 62
50 3
33 62
60 19
86 30
98 51
97 41
9 29
17 20
19 9
79 68
66 42
9 69
30 44
66 59
11 94
18 27
14 74
45 33
72 99
39 76
68 3
87 17
58 52
31 26
25 24
37 23
31 92
60 62
46 2
49 69
29 58
35 34
66 41
31 43
71 74
77 39
13 3
75 20
76 70
32 52
3 25
39 50
40 2
26 89
76 93
5 11
62 67
18 65
75 98
18 15
39 72
2 36
87 20
58 12
76 56
7 27
15 78
26 28
59 43
74 27
29 11
37 99
43 89
7 53
70 53
75 42
61 97
24 2
21 99
47 51
29 9
73 90
44 16
13 99
89 31
7 97
24 37
36 28
51 11
7 73
0 63
85 26
56 4
72 52
6 13
46 66
26 85
42 4
76 51
34 7
60 45
61 35
84 65
64 76
64 95
99 25
92 89
40 94
22 53
0 85
61 11
83 3
25 40
97 77
3 88
67 80
92 64
53 54
38 82
53 93
67 40
67 70
88 82
55 0
83 95
39 35
15 99
34 32
94 84
68 73
17 35
4 12
24 60
77 95
64 40
39 60
32 26
21 34
12 76
45 69
25 15
99 0
28 64
4 3
65 85
89 92
76 65
36 8
63 97
14 83
94 1
32 45
92 17
61 4
86 42
55 22
14 92
37 0
95 95
54 31
74 62
53 75
36 40
82 93
81 7
54 90
54 3
9 4
91 80
51 64
96 31
79 24
49 88
59 80
85 23
92 10
20 68
13 40
23 11
49 4
75 46
28 19
61 5
58 34
93 52
7 68
6 53
46 45
41 8
88 70
71 48
16 4
40 91
31 68
99 66
54 6
39 42
5 71
93 45
45 51
6 61
50 51
38 96
23 30
48 37
20 46
90 76
14 23
72 11
56 3
50 24
46 21
12 47
79 63
39 67
34 91
21 60
4 60
63 87
67 16
23 84
15 72
92 18
69 68
33 73
8 67
12 0
57 87
62 35
72 23
78 26
29 40
31 1
13 28
78 43
24 22
88 29
24 50
1 80
65 68
34 41
63 19
52 21
60 31
63 38
37 16
9 70
13 79
24 58
54 55
95 54
21 64
52 10
53 65
43 44
77 69
21 33
65 58
31 21
99 27
44 37
48 39
9 84
24 43
41 52
39 62
90 21
78 25
59 84
86 55
24 98
2 70
31 17
33 55
19 37
27 58
19 45
46 58
72 95
28 71
75 19
11 12
19 56
68 93
36 97
36 33
40 42
68 99
78 75
21 1
68 66
87 46
36 14
67 63
74 56
99 3
35 96
40 51
58 41
76 58
95 93
64 91
38 92
17 48
16 86
66 89
60 50
24 79
31 41
71 35
10 61
75 62
81 41
75 63
97 8
42 38
27 32
24 1
99 90
53 3
18 31
12 30
59 37
75 51
60 11
0 82
80 21
24 28
33 74
51 75
3 10
32 41
89 70
76 91
66 26
46 44
47 29
33 84
96 91
37 41
60 74
84 5
45 83
15 28
55 71
4 59
36 70
55 10
24 5
87 54
47 82
40 47
51 85
80 82
54 72
10 17
32 68
22 32
29 80
44 55
34 12
11 37
7 61
72 57
5 9
93 56
84 82
10 96
16 24
76 13
66 56
8 73
21 65
31 56
20 5
78 24
6 86
66 92
24 97
31 59
44 68
18 93
56 9
41 98
95 75
18 13
44 49
73 88
18 14
61 69
37 50
82 34
4 56
12 4
33 79
37 22
27 39
80 44
80 62
35 86
27 8
81 16
11 56
47 68
19 4
68 65
57 56
85 92
1 87
44 7
72 21
26 40
89 8
67 33
14 2
22 68
38 91
62 22
18 89
58 58
3 2
30 33
54 81
96 7
16 70
87 76
41 0
99 98
56 58
49 81
46 52
83 32
65 91
7 0
59 70
96 81
34 50
68 33
87 49
27 38
74 29
38 16
70 57
58 56
19 59
93 12
21 45
62 78
73 92
62 87
21 10
59 90
42 89
35 92
15 58
47 85
73 43
49 28
66 19
28 55
90 56
77 30
78 54
87 90
72 87
25 54
98 91
88 59
16 2
93 38
97 68
86 49
32 46
28 65
94 97
91 65
13 51
74 83
80 19
54 96
46 11
42 98
42 23
74 46
6 25
16 51
16 99
17 93
39 86
30 87
81 71
77 26
52 36
11 82
52 22
9 34
36 29
57 17
24 38
38 27
36 59
94 96
93 91
59 13
9 38
36 94
34 76
80 37
17 97
47 50
13 49
13 23
21 9
84 49
10 19
86 22
79 1
47 28
71 5
37 87
65 18
68 60
84 63
70 10
43 75
78 77
12 36
97 84
34 28
18 62
73 85
81 60
87 70
26 67
86 27
86 16
52 30
6 54
30 15
99 40
34 94
54 11
79 14
71 37
49 52
8 79
20 55
12 2
1 92
85 11
42 72
26 94
18 10
91 75
24 63
31 95
59 95
40 18
60 67
69 78
77 71
35 0
74 71
6 44
83 1
37 26
95 74
54 52
53 17
46 93
38 7
33 47
2 89
68 84
9 63
44 2
60 14
63 79
32 20
24 62
10 56
38 12
85 67
76 94
99 80
42 50
79 5
74 80
83 98
22 4
64 36
18 70
83 76
42 91
32 94
83 92
35 49
96 15
43 12
37 83
55 68
28 11
93 15
54 97
54 12
61 16
57 55
9 73
62 32
21 55
30 8
21 29
61 79
45 50
61 30
8 65
62 45
37 95
97 76
78 83
75 24
72 45
20 42
37 20
69 71
90 27
67 98
18 79
45 97
17 40
71 44
22 95
5 60
21 0
41 57
90 95
48 83
86 43
22 5
99 87
64 20
8 61
52 31
66 46
53 71
57 61
25 9
72 75
23 58
69 29
29 71
24 35
96 12
83 26
23 93
6 26
81 81
68 92
10 33
63 6
15 86
39 45
58 2
67 20
8 8
70 25
69 76
98 35
5 22
13 22
44 34
16 34
50 30
21 89
28 21
33 10
90 90
56 77
38 75
86 88
77 89
57 22
87 48
41 2
8 20
57 58
14 79
90 49
24 29
61 0
98 48
34 58
51 83
93 19
61 74
31 48
84 59
3 68
57 49
37 71
32 14
83 9
53 87
47 99
86 97
40 57
52 51
40 36
85 97
32 50
40 99
55 97
31 19
36 13
46 41
15 92
26 35
83 67
90 28
87 29
12 80
86 33
62 46
74 89
60 33
67 84
4 21
36 72
34 24
53 97
14 76
30 41
29 12
7 1
1 81
45 76
21 13
38 48
84 77
55 77
13 96
48 51
32 39
17 3
4 58
69 12
79 8
53 77
79 45
44 32
70 66
67 99
99 43
54 44
21 67
14 97
17 0
31 20
88 36
42 48
21 48
63 25
83 63
41 63
29 32
30 84
39 16
49 98
96 26
44 54
68 52
46 65
47 2
10 24
11 92
96 63
39 39
67 91
81 84
49 62
19 55
64 56
86 54
73 48
75 61
50 86
78 47
87 58
3 72
46 60
38 79
79 69
80 23
55 67
81 72
19 10
34 8
86 13
65 31
90 41
57 57
58 83
91 57
70 27
15 22
76 35
86 65
68 88
67 26
58 89
89 0
34 6
81 2
99 32
43 92
93 77
65 67
96 33
73 55
29 84
82 82
58 49
64 47
27 12
45 72
68 28
46 36
22 6
84 80
50 34
41 84
7 91
21 81
98 54
7 12
48 14
13 69
74 50
84 55
40 87
62 84
42 40
99 19
60 48
49 33
11 46
5 37
68 0
59 45
71 40
46 20
59 92
44 73
64 18
61 23
32 77
97 45
19 28
42 85
78 93
65 45
78 16
17 41
60 65
44 9
76 39
36 32
37 15
93 99
10 72
86 81
45 27
9 55
78 52
67 8
3 46
71 41
59 49
30 81
60 35
64 60
8 21
79 44
30 19
84 30
65 34
38 88
62 33
69 92
4 4
42 24
64 6
77 45
2 53
2 75
32 59
72 42
37 42
86 47
14 72
25 10
75 30
88 55
42 54
77 53
64 19
20 6
10 91
70 31
81 82
61 72
66 79
70 79
0 67
18 39
44 12
62 73
62 52
45 30
25 60
95 56
86 73
77 62
83 84
26 73
2 37
23 47
84 68
87 18
82 21
94 62
3 67
51 6
99 64
68 58
13 84
75 81
39 48
5 92
27 87
15 81
95 57
21 8
88 14
69 11
57 37
15 62
7 86
91 98
61 86
58 20
14 24
97 3
30 61
71 4
91 40
89 89
94 28
84 46
39 65
3 30
44 81
14 10
65 28
70 41
66 71
17 26
46 18
96 3
44 21
59 17
48 36
97 96
34 97
65 55
24 42
1 75
81 24
88 53
97 61
77 70
90 4
44 23
64 5
67 88
62 5
66 54
45 40
56 63
5 16
95 63
97 6
88 95
89 55
82 41
37 65
43 37
0 35
96 50
65 73
75 31
28 24
84 23
40 50
79 41
13 85
43 50
45 57
36 5
98 80
24 12
69 96
78 62
24 45
96 32
2 66
92 11
9 49
97 59
27 33
33 48
2 95
84 51
80 99
14 3
30 60
24 61
67 77
35 68
55 69
4 92
99 14
31 78
57 83
31 22
29 97
87 65
3 52
84 98
59 78
94 77
20 36
27 70
55 23
46 83
13 26
33 4
1 37
13 5
92 4
76 17
85 10
15 59
39 59
43 70
98 79
19 53
11 83
27 90
86 2
37 53
84 61
15 70
21 76
71 88
77 82
4 83
57 32
54 87
24 30
55 42
65 66
63 15
63 92
6 62
45 52
5 70
35 81
57 77
59 69
37 31
22 75
85 44
58 86
32 58
23 82
40 41
95 76
81 96
24 6
2 78
44 61
35 75
80 14
49 38
18 88
80 38
29 50
51 96
63 31
1 71
98 61
90 87
49 82
58 26
48 85
67 10
9 46
47 59
52 1
69 75
79 74
56 41
11 39
15 0
21 21
90 39
72 83
52 59
43 41
8 98
77 51
27 5
5 28
75 5
75 44
11 2
61 28
65 81
31 76
76 71
68 95
57 80
13 67
85 77
89 59
0 68
36 76
16 31
34 92
73 8
91 74
83 46
92 85
97 18
65 0
23 85
56 79
27 17
83 15
96 95
70 23
45 24
33 71
23 6
82 30
25 44
15 2
67 31
2 80
42 64
55 13
90 73
70 44
88 46
46 95
27 37
90 9
40 79
15 75
48 3
55 54
24 68
97 53
71 11
27 43
68 64
12 55
17 25
72 84
89 82
99 41
19 76
73 37
30 10
3 99
73 36
13 25
3 76
82 7
11 49
50 18
75 43
61 59
8 26
83 4
45 81
66 27
14 53
16 68
11 64
75 14
14 45
37 36
85 82
41 59
33 66
5 3
93 79
89 52
76 48
76 95
28 32
90 10
9 43
41 99
42 60
10 68
65 9
3 65
4 70
49 0
83 21
52 71
48 1
9 26
86 12
8 48
86 14
85 71
90 30
13 30
54 59
98 40
83 40
56 18
14 85
20 38
82 84
81 53
66 66
22 76
8 45
83 17
83 51
36 93
16 61
27 93
49 47
1 47
79 57
66 87
28 52
49 49
21 18
18 86
73 68
79 33
71 78
2 27
7 49
13 68
42 67
1 52
13 95
41 10
99 97
84 60
40 70
39 10
79 90
87 67
45 73
7 21
37 43
43 88
12 66
63 73
67 72
46 53
84 35
69 40
10 67
11 21
19 85
36 99
62 85
42 61
79 0
99 44
88 86
30 46
0 5
8 1
0 23
71 62
19 51
69 82
99 24
99 79
95 13
94 75
27 42
8 19
74 55
26 48
28 74
95 20
6 89
24 81
75 35
74 41
77 27
80 20
1 78
63 60
69 35
83 54
97 50
13 6
47 7
10 82
55 91
34 73
50 6
31 90
69 50
0 39
74 14
9 94
29 73
94 63
71 33
38 40
32 87
27 9
38 59
1 96
43 58
15 65
51 7
57 94
36 47
12 44
67 59
25 35
62 44
32 91
99 23
78 22
4 64
93 31
37 19
15 3
86 66
49 67
89 40
89 98
74 25
65 51
78 67
81 58
20 16
59 50
99 69
66 13
10 30
74 54
46 59
66 76
5 75
72 12
50 73
21 25
91 26
91 51
42 43
32 16
66 40
8 60
29 82
27 64
28 82
94 83
23 70
11 58
63 76
87 39
93 6
46 39
39 64
17 78
60 70
87 14
75 72
38 42
55 19
89 54
35 79
54 36
37 72
44 67
22 24
9 13
5 85
31 65
84 13
32 99
43 18
37 10
14 70
84 93
6 57
81 25
89 94
66 49
71 52
89 53
26 82
73 10
86 44
6 94
94 37
69 8
4 75
35 88
31 52
99 28
28 34
28 14
26 62
6 66
96 2
85 56
3 28
48 0
7 14
73 30
48 92
62 7
33 17
29 22
31 27
63 99
13 45
44 82
87 41
62 95
51 67
88 25
64 61
5 93
59 20
69 55
70 48
87 27
37 92
24 8
62 29
26 16
13 35
37 61
30 51
15 90
89 25
65 8
37 98
20 95
22 73
21 30
83 2
8 40
1 26
94 67
24 9
33 72
23 56
49 41
0 15
57 50
45 54
38 63
28 67
1 64
79 60
87 87
9 91
69 9
62 41
25 55
81 98
12 92
21 62
1 82
84 32
67 73
67 42
43 2
71 12
54 34
80 85
92 59
30 95
56 36
1 98
28 92
47 32
3 85
53 0
98 30
24 46
67 2
64 57
65 38
24 70
30 93
28 98
93 87
38 57
66 39
58 73
83 29
50 79
8 62
70 33
68 81
10 48
93 58
7 7
35 51
44 89
62 93
22 50
57 79
26 2
4 94
7 2
83 81
7 77
74 84
97 26
52 89
78 40
54 20
27 72
40 34
78 80
51 29
17 27
95 78
58 23
29 37
16 8
36 36
62 72
66 83
60 16
73 78
13 64
5 98
47 54
69 30
19 0
61 37
65 12
16 64
31 54
15 13
63 22
14 60
49 84
18 90
78 65
50 54
50 39
9 66
56 8
52 41
18 29
95 32
5 46
28 43
84 17
29 31
17 88
84 85
74 2
27 88
54 46
17 59
13 60
85 66
91 34
39 31
23 76
41 35
92 6
79 46
99 88
28 9
93 3
39 34
34 75
14 6
51 58
54 38
1 32
0 26
4 25
80 41
38 45
68 1
57 93
12 18
80 56
25 79
92 41
76 54
77 87
65 53
82 27
47 21
40 73
75 53
64 58
56 16
39 97
66 61
11 3
49 76
37 58
3 83
31 61
14 52
29 83
73 77
21 14
81 43
52 83
55 72
32 92
65 43
60 63
90 88
64 2
68 49
42 52
31 7
41 47
25 43
96 64
89 75
28 83
22 8
88 23
45 47
12 5
65 90
96 86
80 67
45 9
92 12
43 35
28 27
87 81
71 95
88 94
62 70
18 59
43 71
38 46
93 40
3 9
35 45
2 46
65 82
23 83
94 25
94 12
87 64
62 81
52 57
20 60
37 84
33 39
2 47
55 16
71 19
13 57
92 92
19 67
27 41
33 36
75 92
84 66
41 95
48 82
51 43
35 23
40 37
97 67
7 90
23 53
32 86
25 78
98 52
1 54
72 96
1 73
5 91
90 64
38 54
90 14
81 78
27 3
30 99
38 85
63 17
4 78
48 2
97 32
92 48
95 5
82 9
40 3
82 55
2 87
3 82
23 2
5 21
81 30
57 53
57 64
24 55
4 82
25 95
82 57
62 14
88 83
46 61
37 44
20 77
63 59
12 6
86 45
75 70
17 68
36 67
27 35
18 63
54 1
55 66
55 53
67 96
41 48
9 74
6 76
26 31
31 58
67 92
19 48
25 2
91 60
72 32
13 61
16 54
12 38
68 34
70 77
74 39
94 39
0 60
66 12
32 42
84 8
17 34
71 61
62 6
28 7
55 89
47 57
48 80
64 1
97 63
20 4
29 21
15 21
61 89
99 74
98 68
45 42
78 61
89 68
17 99
4 51
69 85
77 90
40 69
35 28
23 37
27 71
99 20
26 70
60 59
78 85
21 19
85 68
77 68
3 45
61 44
20 94
71 94
95 8
94 88
46 79
99 13
88 62
87 36
71 13
33 90
92 39
21 53
56 6
96 80
4 79
8 23
19 88
71 7
29 94
89 95
77 0
14 66
69 91
49 59
30 3
80 45
38 74
67 67
71 9
54 60
82 68
47 9
71 96
83 11
63 61
25 27
4 88
5 14
18 94
44 72
26 74
52 53
45 17
9 95
47 79
74 48
39 25
53 14
11 52
87 37
27 96
5 24
19 71
23 65
41 46
58 38
94 50
65 5
14 88
16 1
56 29
34 57
74 96
11 55
69 20
6 18
46 9
68 30
42 14
31 46
94 78
62 69
91 83
13 87
66 62
16 42
88 47
58 46
38 44
12 72
91 21
63 84
61 15
32 25
4 42
24 10
83 49
50 68
9 82
96 44
54 27
42 58
48 55
40 60
41 7
87 43
10 4
90 44
69 41
94 53
96 76
25 88
74 57
19 32
84 18
16 48
75 77
90 54
11 20
77 25
0 70
71 26
7 32
86 69
48 41
59 35
5 69
59 73
2 38
51 13
24 67
66 31
73 75
51 79
7 88
76 67
77 61
38 70
32 12
82 87
54 0
14 39
67 1
78 58
94 0
50 27
62 2
74 36
92 21
11 79
83 80
91 79
13 82
24 48
2 92
19 34
90 35
13 97
4 41
48 66
12 14
47 70
36 75
12 86
59 75
61 76
15 91
26 39
36 89
48 11
79 61
69 59
3 31
27 10
44 97
14 35
17 8
46 85
49 56
78 41
27 13
98 82
63 23
17 89
50 84
22 13
73 38
67 46
58 16
40 19
7 23
45 64
50 10
28 2
21 41
40 72
3 41
76 43
95 52
11 6
58 45
88 96
1 3
19 13
80 53
27 74
9 11
72 41
26 81
13 41
47 63
89 80
92 63
4 1
68 17
11 4
33 33
39 73
6 7
39 2
5 95
63 86
35 93
58 91
65 7
26 60
90 53
30 50
18 76
56 89
59 99
70 90
64 42
56 27
59 23
57 26
83 94
22 46
42 90
29 45
11 71
73 62
40 75
66 98
27 6
88 8
18 37
2 6
13 9
30 39
79 38
35 40
63 28
8 18
79 77
53 56
7 83
28 68
67 29
0 86
85 27
56 24
55 15
85 51
39 12
69 48
45 4
0 89
29 1
29 4
0 55
48 74
31 84
64 63
83 50
34 65
2 73
36 60
32 48
7 80
26 9
17 13
58 68
72 22
78 73
5 99
42 32
49 5
79 59
54 10
11 10
27 89
17 47
91 72
68 74
96 93
96 23
36 83
70 59
78 12
39 83
76 25
70 46
82 85
40 83
16 33
78 86
30 49
84 40
98 59
34 45
16 63
76 87
11 22
72 73
71 77
56 68
75 26
90 16
46 89
5 15
69 39
84 52
95 88
71 92
77 5
19 92
87 3
39 66
97 80
47 10
45 46
39 41
9 22
94 58
90 29
58 71
63 50
11 36
32 44
16 35
54 69
28 0
15 63
25 82
54 57
35 74
75 48
82 74
53 82
42 35
47 26
46 28
61 90
10 78
95 73
15 15
68 5
87 24
23 25
70 2
26 61
29 30
50 78
12 85
55 95
4 61
0 44
85 87
45 44
26 93
73 18
66 8
26 15
37 2
38 18
45 38
70 37
55 11
11 75
80 1
96 82
66 69
49 55
26 23
67 74
61 38
45 53
76 84
97 13
35 63
38 29
6 5
63 94
86 41
36 43
62 89
74 79
22 88
38 89
85 74
42 27
39 29
9 10
7 84
72 63
78 32
81 15
65 50
35 18
35 48
0 25
11 87
75 59
10 85
1 11
54 85
44 22
16 28
2 62
0 37
61 26
44 79
71 0
63 46
65 98
0 42
38 21
34 0
92 79
34 63
66 33
53 21
95 17
3 66
51 15
35 6
21 58
58 60
88 80
1 49
51 73
20 97
32 29
91 9
95 69
13 13
58 30
63 37
86 48
46 91
40 12
13 74
46 84
24 11
78 64
90 11
54 67
45 55
22 98
91 4
79 70
59 18
50 65
74 17
81 89
97 99
84 99
88 85
15 27
85 65
71 59
30 73
4 32
31 53
79 92
19 39
99 6
5 73
89 90
26 36
93 69
26 43
52 39
49 32
64 69
23 31
58 90
94 65
68 97
86 57
41 73
19 26
29 85
58 63
81 20
92 87
22 23
86 17
61 78
0 66
35 55
13 20
8 6
4 46
47 35
98 95
69 77
43 24
12 71
82 91
8 72
19 41
31 38
82 38
94 89
4 87
79 31
63 1
10 59
69 60
52 74
96 46
73 80
26 7
29 15
93 86
36 71
89 4
4 30
81 63
89 56
65 13
72 25
16 19
11 89
80 4
53 36
2 68
13 53
8 95
59 36
0 93
54 50
83 35
57 5
1 40
65 30
40 67
56 13
25 39
71 79
37 8
95 18
43 8
72 33
0 14
97 72
5 50
52 60
76 74
43 56
34 22
96 70
2 61
37 25
91 0
56 46
91 6
10 14
94 5
53 73
62 86
36 18
14 14
18 7
65 1
11 60
45 31
99 57
93 4
47 77
9 53
51 56
82 24
3 5
35 90
62 15
57 27
82 88
61 24
10 45
91 91
51 52
42 33
66 55
24 20
63 43
57 43
57 72
23 52
30 29
95 35
66 99
3 71
77 96
20 96
60 68
42 39
54 24
89 2
51 61
49 77
14 15
87 1
81 23
70 74
83 74
43 19
22 59
51 76
91 42
22 61
26 57
72 8
75 73
23 3
90 59
79 96
60 21
67 5
29 57
0 78
35 89
77 72
82 67
15 88
70 75
48 12
29 77
30 94
80 42
29 28
9 18
52 49
6 91
24 56
51 50
79 26
90 75
75 39
6 77
94 20
31 6
2 0
43 15
41 42
62 49
52 8
6 24
5 1
76 15
70 21
20 56
30 21
98 13
17 46
23 90
90 24
89 14
33 37
13 66
53 95
48 18
69 2
45 88
28 62
14 36
89 96
69 65
99 45
31 91
47 11
49 18
78 9
24 77
51 33
1 68
26 27
81 47
82 62
63 42
54 18
63 18
82 54
79 29
47 19
46 13
45 90
27 80
6 63
48 9
23 27
92 31
51 2
14 28
70 73
84 14
33 88
5 58
59 54
3 78
61 85
54 43
29 66
35 46
4 23
2 86
43 51
26 78
55 80
48 15
98 99
92 77
95 96
97 65
49 24
20 19
78 29
89 22
60 61
45 1
48 52
41 20
0 62
79 87
68 32
10 21
80 80
77 17
44 28
23 66
29 10
94 55
88 0
61 17
93 51
37 12
71 23
84 70
28 73
43 67
98 74
8 64
39 58
31 24
79 23
41 65
3 16
47 91
52 93
80 71
8 4
15 36
98 7
31 16
24 23
67 0
41 33
30 72
54 32
37 74
77 97
23 41
98 94
87 74
11 14
83 53
57 1
19 18
55 9
30 7
28 76
35 26
59 14
66 0
19 75
69 53
73 22
65 14
47 14
30 56
35 33
68 48
22 26
4 15
79 64
66 81
96 65
86 5
2 41
9 79
3 60
3 51
85 22
97 7
15 74
81 13
96 24
9 88
31 94
6 29
13 43
46 98
3 94
93 5
90 91
44 36
88 60
35 58
20 63
94 3
61 92
2 16
50 56
46 50
7 59
89 61
81 37
96 94
98 88
99 76
48 8
47 44
93 84
60 92
29 51
0 69
69 34
13 27
94 36
51 25
80 33
4 22
44 25
0 77
25 29
30 17
18 75
21 35
32 40
25 53
8 70
73 9
17 7
55 7
88 6
73 7
2 79
98 24
4 34
18 98
66 25
75 66
79 97
64 23
70 81
50 38
23 35
71 50
95 7
32 49
10 86
55 75
91 81
50 89
64 64
64 99
53 78
60 8
17 50
1 67
9 45
52 18
22 62
97 64
60 76
36 22
78 63
13 14
83 62
65 84
90 51
38 41
55 5
68 10
4 45
77 42
9 67
72 61
57 46
98 17
22 49
42 17
93 30
7 98
80 63
63 12
76 76
72 58
96 55
41 58
82 66
75 22
79 9
70 49
19 91
69 90
79 72
92 24
98 58
90 77
32 64
51 19
43 59
17 53
69 70
37 55
85 84
86 34
48 32
38 8
68 27
38 56
23 16
38 14
48 47
98 45
41 51
24 26
52 95
8 35
4 91
59 26
4 19
50 42
75 8
36 55
4 65
33 19
50 25
4 10
74 44
87 13
42 12
25 46
80 13
1 33
76 99
77 58
98 73
96 8
41 23
92 7
43 55
36 16
26 69
38 98
11 47
94 82
97 37
94 71
49 2
26 88
70 51
30 71
51 8
65 70
28 51
98 2
61 13
0 64
90 40
58 76
32 98
6 49
25 25
35 62
73 46
2 82
86 26
83 59
22 39
41 68
34 35
41 27
5 20
39 5
95 92
72 80
59 15
42 3
22 47
5 52
23 8
65 75
67 27
44 14
41 69
52 91
45 70
12 83
85 58
88 24
34 88
0 57
94 64
81 50
73 76
63 7
11 34
90 32
49 25
89 47
80 27
55 64
35 77
98 41
69 15
15 64
65 47
59 55
90 61
61 87
41 16
57 95
32 6
1 5
98 42
45 11
15 1
16 49
51 5
33 52
44 27
3 6
74 43
55 40
56 22
28 33
72 20
40 66
55 8
77 91
91 95
55 82
97 19
47 72
8 76
74 51
54 7
40 11
39 87
11 19
57 13
14 80
54 94
71 42
35 87
47 0
52 16
40 84
84 12
81 17
16 7
44 39
79 18
22 84
80 83
92 45
33 60
7 85
47 41
0 40
73 81
60 12
55 83
6 46
99 7
40 17
25 93
98 76
98 27
49 26
2 43
10 28
32 9
44 38
13 90
40 33
30 70
88 45
39 46
5 49
6 82
80 31
49 83
80 57
34 42
89 73
68 21
62 0
7 42
42 47
39 49
43 39
72 56
28 79
35 38
76 21
67 24
76 81
58 35
12 79
64 31
15 40
14 20
6 2
1 22
38 50
89 62
64 44
66 75
52 34
3 49
25 83
1 42
89 1
93 34
34 53
66 84
72 19
9 12
1 39
80 9
22 10
2 34
22 14
21 63
76 16
35 37
48 56
44 44
53 24
23 67
1 2
71 58
27 56
82 46
9 8
52 2
15 61
87 5
93 85
52 69
49 72
11 76
42 93
78 33
28 88
62 48
83 77
79 99
92 36
95 51
88 12
78 50
92 58
82 78
36 98
80 34
8 94
64 74
11 43
54 2
3 27
72 17
94 87
88 9
48 91
94 61
42 75
20 23
65 63
10 41
55 17
83 85
48 67
12 67
40 22
87 61
60 85
38 13
18 3
83 75
76 24
54 28
70 14
98 14
18 21
54 78
58 39
13 34
39 43
86 18
96 62
61 95
29 3
11 90
57 7
87 45
42 30
2 39
55 29
67 57
58 27
51 38
75 83
96 67
21 26
15 87
40 49
40 14
6 16
41 26
55 99
19 49
34 48
10 94
10 12
81 22
59 67
98 56
77 16
82 26
9 92
95 86
75 27
76 85
49 85
30 18
98 86
80 40
26 71
40 48
75 97
67 54
14 64
58 93
94 60
53 81
47 66
7 63
21 3
83 19
54 77
34 49
21 93
65 4
62 74
32 13
29 70
8 24
92 69
17 37
40 85
28 10
72 4
73 59
86 0
25 99
21 4
96 99
54 48
99 55
19 62
40 35
63 3
63 81
37 94
94 43
18 46
88 58
82 73
44 71
14 63
84 25
9 6
71 2
71 15
3 33
79 35
70 32
83 60
0 6
26 33
4 24
98 89
55 28
39 11
4 57
72 47
41 66
90 83
12 17
7 71
73 28
54 70
98 49
86 20
51 71
0 59
7 58
77 85
61 51
43 86
93 43
22 1
25 45
73 24
28 1
91 14
77 56
12 87
69 23
90 17
67 52
58 22
26 30
22 81
22 93
36 2
91 78
37 38
59 62
29 86
24 88
16 23
99 77
23 81
37 17
45 78
19 87
25 34
81 8
1 7
8 29
58 1
74 95
93 88
21 54
20 91
28 41
7 50
92 16
77 88
68 86
41 56
78 45
12 73
96 60
59 24
7 79
56 25
53 57
64 52
88 88
46 54
25 57
45 25
85 57
60 23
98 78
99 70
70 8
48 54
0 90
95 61
98 0
85 70
84 90
49 31
62 38
73 29
69 57
99 31
70 70
22 3
97 73
43 1
38 9
38 53
41 85
85 59
90 20
21 22
99 60
74 8
31 82
43 14
3 48
97 35
21 27
1 18
90 5
19 83
30 91
35 32
93 21
9 36
80 77
95 68
89 66
79 2
83 6
12 13
75 41
41 11
44 35
68 79
12 41
38 61
93 23
61 73
57 3
55 78
42 65
73 70
97 83
30 40
14 90
95 80
58 54
58 0
1 0
97 79
39 6
56 55
91 55
42 96
42 9
16 18
52 4
34 51
10 84
78 51
19 99
83 90
18 58
51 37
28 23
88 84
69 97
63 91
46 94
54 83
21 79
40 24
58 11
23 60
47 40
69 49
43 90
44 90
33 85
6 37
28 84
80 18
79 43
2 91
45 29
18 8
25 91
82 64
17 32
52 92
78 28
68 25
79 75
40 46
23 14
96 35
78 13
11 33
74 13
30 30
69 10
2 97
98 39
76 28
68 71
40 56
5 4
56 60
91 7
50 72
55 36
98 84
49 95
3 74
15 50
54 41
30 55
56 10
8 47
7 54
79 32
68 77
23 91
28 36
42 2
28 25
58 4
51 97
18 81
32 1
43 53
49 50
0 38
87 47
54 53
80 22
86 79
6 15
57 92
90 48
12 9
35 64
2 67
62 77
0 10
8 9
85 2
5 43
29 87
51 32
7 55
51 89
91 96
94 9
34 78
41 72
13 10
32 72
20 3
82 76
96 88
47 25
76 64
43 49
20 28
64 10
27 86
40 44
53 79
19 96
25 96
80 17
54 66
12 19
29 62
50 63
84 78
12 49
68 38
90 58
12 42
55 51
79 50
55 39
18 95
61 48
57 52
20 12
48 28
40 62
25 19
15 16
90 13
88 26
9 31
26 24
37 57
29 43
41 43
57 88
4 9
5 40
87 16
18 69
77 33
40 95
14 58
56 71
94 7
41 34
58 75
5 82
21 95
67 23
32 3
20 66
48 61
11 78
22 63
81 70
81 46
68 50
44 31
18 84
12 88
29 19
38 5
6 28
33 70
85 93
58 25
77 21
58 97
91 18
89 72
96 42
86 11
79 71
54 21
61 2
77 32
6 50
24 15
52 35
88 57
50 22
65 36
80 25
13 59
78 36
84 89
32 31
32 71
80 65
15 10
74 72
55 30
12 3
78 90
61 20
94 85
65 20
27 94
94 4
8 49
25 0
25 66
85 21
94 26
0 7
62 40
17 83
48 19
53 51
71 86
3 36
70 65
90 42
72 13
64 32
40 40
70 67
57 41
45 2
16 37
14 4
8 86
69 18
23 95
16 79
72 66
42 41
34 5
90 23
22 64
39 26
64 34
83 87
91 20
13 80
36 74
21 23
66 88
44 92
94 90
38 33
91 12
67 7
64 81
67 41
93 53
48 99
18 19
63 80
67 45
98 28
8 50
38 47
18 5
97 14
93 49
62 13
17 10
31 28
51 95
25 30
81 90
55 90
6 38
15 48
17 72
64 11
24 71
81 29
82 96
91 24
41 12
28 45
53 16
30 35
87 30
97 87
48 23
47 15
69 28
37 1
50 77
50 66
23 77
81 14
57 48
91 27
96 49
3 22
60 71
91 10
34 83
44 52
23 24
20 58
6 96
8 12
54 15
48 22
96 51
35 70
13 1
43 98
65 80
56 40
73 93
7 5
21 90
83 64
26 95
77 49
53 5
53 15
29 92
53 62
70 11
33 32
46 30
62 18
56 44
99 53
49 58
17 2
47 43
25 33
61 42
10 49
55 73
24 57
92 99
99 22
85 83
52 33
95 46
65 99
91 62
56 72
21 94
61 96
1 57
26 44
17 92
71 57
17 16
47 17
45 34
79 27
50 5
24 75
16 53
65 61
8 84
27 14
95 47
59 89
47 94
15 5
84 45
88 68
32 11
45 92
31 31
46 40
24 52
85 37
0 88
2 84
3 92
17 23
9 97
91 2
79 66
57 69
52 56
88 56
86 91
95 3
69 56
85 25
82 14
67 62
86 39
94 34
98 18
43 0
34 61
29 27
9 19
19 20
77 55
97 49
69 67
82 44
36 19
17 52
39 33
70 80
59 71
19 42
41 71
51 57
34 55
46 35
20 89
6 97
61 1
43 91
0 8
12 96
70 24
25 37
43 4
95 30
16 92
93 82
75 23
94 21
59 74
12 98
94 51
75 52
47 12
83 33
69 79
1 53
60 82
23 98
93 32
95 15
31 47
84 84
9 72
60 90
51 45
28 80
82 37
82 94
46 99
56 45
64 15
63 5
3 73
45 15
73 15
85 94
65 29
92 83
17 22
82 52
77 81
47 4
66 3
99 4
15 96
30 47
95 79
5 56
23 75
76 30
31 60
90 38
28 17
99 92
89 65
93 55
50 40
10 79
12 51
87 73
33 98
45 85
99 93
29 61
8 22
81 92
88 98
36 63
62 30
46 73
91 53
83 34
11 80
78 14
91 35
19 70
77 23
35 44
49 37
92 5
1 12
34 70
33 53
2 19
33 80
72 15
74 49
6 12
57 86
95 91
41 89
90 45
45 93
42 36
25 98
83 88
49 35
3 18
56 39
22 87
68 41
55 1
42 29
38 17
30 59
98 87
79 93
37 11
15 49
43 20
67 39
30 79
6 56
62 91
35 94
12 39
8 53
16 0
41 30
77 12
52 32
72 94
75 33
49 64
97 69
36 26
55 94
70 94
97 23
27 49
46 68
23 32
54 86
96 58
24 14
43 65
29 8
89 63
87 8
15 80
62 47
48 29
61 14
89 64
10 39
79 88
74 26
92 14
66 16
90 50
41 67
35 36
25 85
17 55
62 34
93 98
64 12
79 79
24 64
51 70
2 76
22 92
41 54
52 52
10 90
71 90
61 98
85 35
54 75
64 28
39 80
94 2
58 14
7 22
38 69
85 38
19 78
79 48
33 24
79 15
22 57
57 31
56 49
14 91
73 6
77 22
12 11
56 56
79 62
52 77
78 21
96 22
86 6
66 47
6 67
64 93
39 79
91 99
60 83
87 10
19 58
47 52
50 96
91 30
42 81
2 26
95 26
42 25
5 38
97 55
69 32
40 39
15 56
56 12
87 82
2 23
87 33
0 87
44 96
3 4
34 34
58 94
81 49
33 2
57 65
54 47
30 62
57 38
88 15
69 0
13 56
19 81
6 48
47 18
6 95
4 8
73 41
27 34
2 18
56 62
63 10
81 21
90 37
12 21
52 13
46 49
33 81
88 27
86 96
88 16
21 40
74 0
45 66
67 43
6 65
87 95
76 12
71 91
30 53
84 87
10 31
28 54
11 5
55 79
45 36
62 99
65 15
27 15
67 36
73 95
36 58
60 37
64 22
23 74
35 84
33 14
80 46
80 7
65 95
27 85
87 21
55 88
93 57
11 81
51 9
89 84
20 21
34 69
89 12
73 45
69 88
27 69
57 85
58 5
27 62
43 27
75 47
93 75
34 96
47 13
13 2
72 76
57 62
65 71
12 62
22 51
25 28
17 65
58 44
22 90
31 34
88 75
11 27
12 75
5 86
57 8
76 31
54 5
96 19
34 37
67 81
86 36
22 82
20 69
36 61
68 45
20 59
25 48
38 67
23 50
1 69
75 13
66 65
68 47
60 54
57 28
93 96
49 30
97 20
56 50
45 6
4 67
12 57
91 86
43 66
3 8
82 28
21 24
15 66
82 40
72 27
54 95
14 68
81 54
62 4
92 56
87 66
36 87
63 52
39 91
13 39
93 37
25 52
81 80
95 85
9 68
35 31
42 49
79 12
36 23
91 50
87 68
84 15
4 47
98 38
74 3
91 94
76 42
24 84
53 23
68 85
78 5
90 8
81 31
99 9
80 72
13 12
67 48
9 37
85 62
62 63
72 16
95 1
56 33
5 76
54 25
23 71
52 28
42 87
74 11
17 71
71 66
34 71
82 89
91 45
52 45
82 29
80 68
3 12
47 84
79 36
87 28
85 16
76 3
9 39
78 37
58 98
36 50
81 64
51 27
85 81
64 9
32 67
36 90
70 1
70 20
8 52
18 23
66 57
99 12
29 78
12 50
39 55
18 60
87 51
5 27
42 26
64 46
10 23
81 56
25 86
44 77
93 83
40 30
38 38
69 95
7 8
74 19
49 16
75 85
86 64
70 56
70 93
4 55
11 28
82 35
51 60
69 24
50 20
38 11
58 55
69 69
48 16
80 11
6 22
72 29
51 30
96 0
52 96
68 78
7 62
86 85
85 91
5 7
73 63
30 52
44 6
67 15
70 86
75 74
6 35
53 28
11 98
45 91
32 15
8 89
95 33
1 6
54 8
82 90
45 41
51 16
64 71
3 91
11 53
32 79
33 16
62 1
50 16
85 98
88 19
27 40
38 64
55 27
75 55
64 13
38 84
13 38
76 53
27 99
75 1
37 63
24 25
59 64
14 99
63 95
12 35
90 80
96 97
43 22
9 62
76 11
80 47
47 16
39 61
72 9
51 87
85 36
84 37
73 50
85 0
86 53
2 83
76 36
12 78
39 90
15 46
91 8
9 0
2 3
76 86
38 15
1 48
39 27
84 94
74 87
75 34
54 63
92 72
58 13
57 12
29 24
26 59
73 26
40 86
11 77
78 49
46 82
20 45
39 53
27 20
29 7
80 92
96 71
81 67
74 69
7 95
22 66
74 67
11 31
68 82
26 65
56 85
60 28
33 23
21 44
87 52
57 97
73 96
50 9
42 80
25 84
30 83
20 84
13 18
18 53
82 2
61 25
8 83
3 43
34 99
64 97
36 65
54 9
67 50
66 52
91 93
68 19
3 86
36 48
74 42
62 64
11 95
85 17
67 14
13 94
44 66
11 66
19 29
86 80
29 44
36 69
3 79
65 52
48 53
34 9
83 5
27 67
9 1
54 4
99 33
42 7
61 33
67 53
19 11
52 98
68 11
30 20
67 18
33 89
72 37
6 27
77 34
35 43
18 18
12 16
56 54
65 64
1 25
83 39
49 21
96 6
56 70
17 4
78 91
8 58
71 65
20 24
34 29
34 86
99 46
73 49
41 40
28 57
68 44
28 66
30 22
64 66
13 16
25 81
85 14
14 56
73 79
76 61
36 6
8 39
21 61
54 33
50 12
59 27
30 4
68 70
92 15
93 60
80 88
81 93
94 22
7 76
47 58
22 12
92 2
45 26
16 95
43 45
11 57
0 83
75 2
22 83
89 91
47 87
59 11
9 77
15 45
71 84
97 12
91 13
80 66
37 9
95 84
26 8
82 65
52 97
58 29
23 79
50 75
0 80
10 87
75 79
56 64
73 73
27 4
7 36
42 15
93 62
11 35
7 20
36 77
15 18
59 2
2 55
0 98
64 89
93 42
33 83
26 49
15 26
26 58
63 4
63 36
55 60
19 7
42 77
74 15
84 19
65 54
69 38
34 54
13 86
41 70
4 16
66 21
59 10
64 33
89 60
24 96
72 69
92 76
83 0
64 4
76 32
20 53
28 70
13 91
47 78
33 7
67 65
45 10
41 90
12 93
51 54
28 99
1 72
28 90
74 88
24 91
82 81
51 94
53 37
14 71
1 46
70 35
58 85
50 69
97 17
1 86
72 67
49 86
17 30
26 92
82 51
56 26
8 77
66 11
70 13
18 36
22 35
92 32
19 79
69 83
67 60
92 26
6 17
57 84
74 38
77 57
4 69
72 24
31 42
46 3
40 81
84 34
84 96
25 36
55 32
19 12
8 42
29 23
50 74
51 36
7 6
18 91
53 1
14 31
49 10
60 30
89 39
79 55
98 96
82 42
14 0
95 36
42 53
55 56
6 71
43 3
76 69
13 50
20 79
52 81
92 90
53 13
36 96
17 18
34 93
34 39
15 39
88 97
63 65
93 44
20 72
68 36
90 84
78 79
86 92
79 83
0 4
34 84
16 55
17 29
63 63
66 60
17 28
60 22
17 98
33 31
26 5
65 65
57 59
52 5
47 75
20 64
31 57
30 45
10 8
48 5
71 97
47 37
53 61
51 10
26 86
71 27
8 92
73 87
8 46
53 63
52 25
8 68
1 51
55 62
40 80
52 87
49 70
1 63
50 46
31 96
87 31
38 58
79 58
33 27
62 20
79 11
16 13
8 2
43 46
18 57
59 42
1 79
80 48
72 46
35 78
98 66
78 84
82 56
3 57
0 17
47 22
1 50
82 39
30 74
93 67
82 23
58 48
91 39
96 38
32 53
92 23
66 51
47 95
34 60
17 77
63 14
14 65
97 92
83 82
66 22
3 39
60 13
16 20
15 73
75 21
76 89
43 62
23 80
20 54
91 69
7 17
13 88
49 43
35 5
99 1
62 96
65 10
72 39
89 77
56 80
10 34
52 38
70 60
68 12
29 53
49 68
4 72
63 41
90 19
76 66
77 93
78 98
29 52
34 82
79 67
89 43
66 50
37 90
44 70
26 77
48 17
75 94
55 35
40 15
91 63
91 85
64 77
27 51
38 49
78 19
90 33
58 61
13 36
66 74
17 94
14 94
17 58
55 57
52 20
9 57
39 17
1 85
41 6
77 37
62 26
10 13
28 61
68 4
77 31
92 94
70 87
60 40
38 19
89 74
42 8
74 65
24 82
61 40
7 56
17 9
27 25
31 35
88 51
15 30
22 97
52 94
84 73
83 12
41 88
52 40
72 54
46 0
30 27
80 26
39 14
70 71
40 43
61 12
35 99
2 65
68 15
37 21
50 50
91 71
80 78
52 88
93 89
37 45
87 98
75 99
54 79
87 86
69 22
20 31
21 96
8 17
60 51
97 91
60 43
44 84
88 34
83 7
83 71
17 70
75 91
83 20
88 49
69 61
53 58
48 90
93 14
30 77
42 34
83 57
48 71
71 75
84 69
73 2
45 89
88 66
75 95
93 10
65 92
46 33
19 47
60 41
97 38
15 68
40 13
10 89
26 41
41 45
76 79
69 1
93 94
97 98
76 88
65 32
13 19
73 23
66 53
9 61
51 88
4 11
89 97
78 38
71 80
85 47
21 78
64 43
23 68
71 10
71 43
10 62
57 33
81 95
7 44
2 52
96 17
34 36
12 69
69 93
26 45
63 2
16 60
49 79
20 86
83 68
21 15
40 6
96 72
52 55
33 21
52 80
56 87
21 6
23 72
93 68
4 49
53 83
65 33
63 24
35 20
6 11
64 86
50 58
78 7
60 91
54 40
53 46
77 3
89 49
57 11
48 38
92 37
71 55
51 81
20 57
14 7
82 43
42 44
9 86
68 31
59 76
86 72
47 20
29 5
17 84
87 34
27 95
88 73
72 59
40 88
43 23
70 98
53 53
29 99
24 21
57 99
56 32
92 42
28 15
45 8
88 42
90 60
39 32
43 26
25 89
10 9
44 83
84 76
25 67
22 48
16 40
75 29
81 12
68 24
95 23
80 28
71 8
57 74
16 75
66 20
90 97
3 95
29 35
59 72
70 82
53 34
99 54
30 5
96 79
13 78
7 19
11 54
47 61
13 17
54 54
42 79
89 20
61 36
6 4
89 16
58 82
44 57
26 72
32 74
28 50
35 67
82 6
23 4
69 27
92 60
7 4
68 42
18 12
67 89
0 99
16 45
75 15
21 42
68 2
28 18
39 71
38 37
91 11
27 60
44 63
94 23
96 13
36 39
81 88
72 82
88 90
47 38
4 62
83 55
30 23
34 87
3 26
80 30
92 22
84 83
67 25
59 86
17 24
9 52
60 24
27 68
3 84
46 8
73 1
14 5
74 47
17 69
15 6
99 26
73 69
80 81
80 49
69 86
52 43
39 75
45 75
33 46
5 97
40 82
43 47
48 87
3 64
79 81
13 52
96 89
97 57
20 93
95 71
11 88
5 59
11 51
13 98
34 31
60 7
29 38
51 51
39 57
40 20
14 19
43 93
19 93
35 19
60 86
42 21
37 79
49 46
0 43
36 51
17 44
74 64
53 70
23 69
91 61
96 45
86 46
58 53
28 22
98 25
46 32
39 24
7 70
48 93
72 44
72 98
69 62
79 54
45 99
7 81
73 71
32 65
16 46
19 30
31 66
1 77
57 60
1 93
22 44
67 76
53 64
29 88
16 47
61 39
69 42
88 44
6 14
64 92
43 38
38 31
97 58
27 30
31 98
93 50
31 3
71 82
20 51
33 96
38 28
0 65
51 91
5 17
39 94
26 11
21 2
1 45
1 95
48 21
72 72
9 80
80 51
7 31
23 7
57 10
5 8
99 11
33 75
58 8
55 47
53 29
16 10
61 83
16 16
57 66
14 54
66 82
46 46
35 15
47 83
94 8
7 47
20 14
45 3
86 90
58 6
35 30
98 53
94 57
81 27
20 2
87 60
34 59
12 65
48 75
57 4
93 0
96 66
28 28
35 17
21 31
66 67
48 63
16 6
97 86
95 67
62 66
80 84
75 3
89 37
52 48
71 45
77 54
59 41
70 50
9 75
17 31
10 95
40 1
39 54
57 63
17 6
64 51
97 1
77 8
88 77
60 36
51 66
95 50
59 87
14 1
19 46
31 12
48 24
35 66
72 53
53 49
56 83
7 78
49 9
73 58
59 1
55 65
50 64
28 72
53 66
34 62
37 32
9 25
65 21
38 78
37 40
95 37
37 24
23 1
9 32
20 0
96 47
94 6
76 8
4 18
44 76
35 27
85 96
61 54
7 29
75 78
43 33
37 14
71 25
15 95
46 64
97 27
15 53
69 74
41 38
25 64
1 65
86 56
29 14
77 59
3 77
50 53
97 90
9 44
27 44
14 48
22 41
24 51
79 6
5 63
5 87
90 22
53 11
35 76
56 69
5 2
29 76
48 96
20 13
54 84
30 78
27 84
94 16
21 43
19 54
85 12
63 93
73 34
35 57
73 31
34 44
16 12
49 87
13 33
37 89
37 33
29 49
33 42
88 48
40 23
95 72
16 78
38 6
95 19
31 13
48 30
69 31
22 67
15 77
70 52
29 93
83 24
84 6
64 24
68 98
30 63
60 78
95 64
64 82
63 78
14 78
56 93
71 18
1 56
20 47
90 93
73 64
5 67
5 6
70 45
90 62
97 21
53 39
90 25
52 7
87 83
47 27
25 11
52 42
19 97
16 97
26 87
99 30
59 40
23 40
42 10
66 48
44 58
2 42
43 16
24 34
12 99
92 38
58 31
24 65
67 22
96 59
8 38
40 5
11 63
94 44
39 28
33 69
52 65
88 22
55 43
33 28
4 27
7 24
4 76
98 47
50 26
84 26
61 29
86 1
80 59
3 13
5 0
84 38
8 55
30 58
24 24
89 34
7 16
57 16
